8
6
6
11
a
a
8
f
8
a
7
8
6
6
c
4
8
6
8
6
5
8
6
6
7
b
13
4
9
6
6
8
6
b
6
7
b
6
b
9
6
8
6
6
7
7
6
8
6
6
9
7
b
8
9
a
6
7
6
6
7
6
d
6
a
7
a
9
8
9
6
6
8
6
6
d
6
6
d
8
7
a
6
9
8
6
6
4
8
6
6
b
8
8
9
7
a
a
8
8
5
e
5
7
6
a
7
7
7
c
6
16
9
8
a
a
6
6
b
9
8
8
6
6
b
8
6
6
8
10
7
a
6
7
c
6
9
9
c
7
6
10
8
9
b
8
8
9
6
6
b
b
7
1d
6
6
8
6
b
8
6
6
8
6
a
9
8
16
5
9
6
b
8
6
8
6
6
a
7
7
8
a
18
8
9
7
6
8
7
7
6
6
8
b
a
8
8
5
6
11
8
6
6
10
d
6
11
8
6
6
8
7
6
a
8
9
d
6
8
b
8
7
8
6
8
6
6
c
8
8
8
7
9
7
8
8
6
6
8
9
7
6
7
6
12
6
6
8
6
7
b
9
9
a
7
6
21
e
4
b
d
6
6
6
6
c
8
5
6
9
7
a
f
8
8
9
6
6
11
7
8
6
6
a
6
6
9
6
6
b
6
4
8
6
6
11
a
9
9
16
b
4
6
6
12
d
9
8
8
6
6
8
6
d
6
4
11
9
9
18
a
9
b
e
7
6
10
d
9
7
6
5
9
6
a
a
8
7
a
a
7
9
6
7
4
6
8
b
9
8
8
b
9
d
8
6
6
a
8
d
7
c
6
14
a
9
a
9
9
10
c
12
a
6
6
9
b
9
6
6
15
9
9
a
8
6
6
b
4
8
6
6
7
9
8
8
8
6
4
6
6
c
8
8
8
6
8
7
7
e
6
6
6
b
a
8
9
8
c
6
a
8
8
8
6
6
c
8
6
7
6
7
7
8
4
c
b
8
10
8
6
6
7
b
6
8
8
6
6
a
8
8
8
f
6
e
6
8
8
6
6
b
6
6
9
9
7
6
16
a
8
8
8
6
8
6
6
6
6
8
6
5
c
b
6
16
f
a
8
c
6
7
12
7
6
6
b
8
9
10
