 BCID  TDC     Tube_Number  Local Tube_Number  Tube_Layer  ChamberId  Station_Type  tube z   tube_rho  drift_radius  
 73    3426    166          6                  5           4          1             -348494  117832    0             
 73    3445    107          11                 7           4          0             -243866  82032     49            
 73    3450    98           2                  0           4          0             -226566  76334     53            
 73    3453    196          20                 0           4          2             -436845  148391    25            
 73    3460    157          53                 2           3          1             -330039  111447    49            
 73    3461    99           3                  1           4          0             -227527  76751     65            
 73    3502    165          5                  4           4          1             -347533  117416    96            
 73    3533    196          20                 1           4          2             -437806  148807    118           
 73    3553    156          52                 1           3          1             -329078  111031    154           
 73    3553    207          31                 5           4          2             -457990  155608    137           
 73    3569    99           3                  2           4          0             -228488  77167     180           
 73    3604    165          5                  3           4          1             -346572  117000    196           
 73    3646    197          21                 2           4          2             -438768  149223    217           
 73    3662    105          9                  4           4          0             -239061  80783     243           
 73    3677    206          30                 4           4          2             -457029  155192    235           
 73    3702    156          52                 0           3          1             -328117  110615    259           
 73    3752    100          4                  3           4          0             -229449  77583     290           
 73    3799    107          11                 6           4          0             -242905  81616     310           
 73    3869    206          30                 3           4          2             -456068  154776    328           
 73    3914    105          9                  5           4          0             -240022  81200     355           
 73    4117    106          10                 5           4          0             -241944  81200     420           
 73    4271    106          10                 6           4          0             -240983  81616     463           
 73    4271    205          29                 3           4          2             -454145  154776    456           
 148   5807    19           19                 2           1          1             -62443   111447    0             
 148   5844    8            8                  1           2          0             -37458   76751     59            
 148   5866    24           24                 2           1          2             -102774  149223    64            
 148   5872    22           22                 5           1          1             -68210   117832    80            
 148   5877    28           28                 5           1          2             -110463  155608    76            
 148   5902    9            9                  5           2          0             -40342   81200     125           
 148   5908    9            9                  7           2          0             -40342   82032     132           
 148   5936    28           28                 3           1          2             -110463  154776    137           
 148   6032    9            9                  4           2          0             -39381   80783     232           
 148   6087    28           28                 4           1          2             -111424  155192    250           
 148   6119    8            8                  3           2          0             -37458   77583     280           
 148   6123    18           18                 1           1          1             -61482   111031    278           
 148   6134    23           23                 1           1          2             -101813  148807    279           
 148   6185    8            8                  2           2          0             -38420   77167     310           
 148   6197    22           22                 3           1          1             -68210   117000    311           
 148   6294    21           21                 4           1          1             -67249   117416    349           
 148   6358    19           19                 0           1          1             -62443   110615    372           
 148   6403    27           27                 4           1          2             -109502  155192    384           
 148   6447    7            7                  0           2          0             -36497   76334     403           
 148   6541    24           24                 0           1          2             -102774  148391    426           
 298   10917   46           16                 0           2          0             -112677  76334     277           
 298   11470   46           16                 1           2          0             -111716  76751     465           
 390   13581   96           0                  5           4          0             -222722  81200     37            
 390   13581   96           0                  5           4          0             -222722  81200     37            
 390   13586   144          40                 1           3          1             -306011  111031    29            
 390   13586   144          40                 1           3          1             -306011  111031    29            
 390   13587   96           0                  4           3          0             -221760  80783     44            
 390   13587   96           0                  4           3          0             -221760  80783     44            
 390   13607   183          7                  0           4          2             -411856  148391    38            
 390   13607   183          7                  0           4          2             -411856  148391    38            
 390   13608   145          41                 2           3          1             -306972  111447    55            
 390   13608   145          41                 2           3          1             -306972  111447    55            
 390   13653   97           1                  6           4          0             -223683  81616     120           
 390   13653   97           1                  6           4          0             -223683  81616     120           
 390   13667   144          40                 0           3          1             -305050  110615    124           
 390   13667   144          40                 0           3          1             -305050  110615    124           
 390   13695   183          7                  1           4          2             -412817  148807    139           
 390   13695   183          7                  1           4          2             -412817  148807    139           
 390   13735   97           1                  7           4          0             -224644  82032     196           
 390   13735   97           1                  7           4          0             -224644  82032     196           
 390   13742   194          18                 5           4          2             -433001  155608    180           
 390   13742   194          18                 5           4          2             -433001  155608    180           
 390   13800   184          8                  2           4          2             -413778  149223    224           
 390   13800   184          8                  2           4          2             -413778  149223    224           
 390   13876   193          17                 4           4          2             -432040  155192    266           
 390   13876   193          17                 4           4          2             -432040  155192    266           
 390   14104   193          17                 3           4          2             -431079  154776    362           
 390   14104   193          17                 3           4          2             -431079  154776    362           
 390   14305   192          16                 3           4          2             -429156  154776    426           
 390   14305   192          16                 3           4          2             -429156  154776    426           
 505   17231   19           19                 2           1          1             -62443   111447    0             
 505   17268   8            8                  1           2          0             -37458   76751     59            
 505   17290   24           24                 2           1          2             -102774  149223    64            
 505   17296   22           22                 5           1          1             -68210   117832    80            
 505   17301   28           28                 5           1          2             -110463  155608    76            
 505   17326   9            9                  5           2          0             -40342   81200     125           
 505   17332   9            9                  7           2          0             -40342   82032     132           
 505   17360   28           28                 3           1          2             -110463  154776    137           
 505   17456   9            9                  4           2          0             -39381   80783     232           
 505   17511   28           28                 4           1          2             -111424  155192    250           
 505   17543   8            8                  3           2          0             -37458   77583     280           
 505   17547   18           18                 1           1          1             -61482   111031    278           
 505   17558   23           23                 1           1          2             -101813  148807    279           
 505   17609   8            8                  2           2          0             -38420   77167     310           
 505   17621   22           22                 3           1          1             -68210   117000    311           
 505   17718   21           21                 4           1          1             -67249   117416    349           
 505   17782   19           19                 0           1          1             -62443   110615    372           
 505   17827   27           27                 4           1          2             -109502  155192    384           
 505   17871   7            7                  0           2          0             -36497   76334     403           
 505   17965   24           24                 0           1          2             -102774  148391    426           
 820   27649   133          13                 1           3          2             -315551  148807    279           
 820   27649   133          13                 1           3          2             -315551  148807    279           
 820   27694   133          13                 0           3          2             -314590  148391    300           
 820   27694   133          13                 0           3          2             -314590  148391    300           
 820   28191   133          13                 2           3          2             -314590  149223    463           
 820   28191   133          13                 2           3          2             -314590  149223    463           
 852   28356   5            5                  0           2          0             -32653   76334     36            
 852   28360   6            6                  7           2          0             -34575   82032     39            
 852   28391   9            9                  2           1          1             -43221   111447    65            
 852   28463   5            5                  2           2          0             -32653   77167     156           
 852   28480   6            6                  5           2          0             -34575   81200     171           
 852   28489   9            9                  0           1          1             -43221   110615    171           
 852   28504   10           10                 5           1          1             -45143   117832    182           
 852   28597   6            6                  4           2          0             -33614   80783     251           
 852   28609   9            9                  4           1          1             -44182   117416    252           
 852   28624   6            6                  3           2          0             -33614   77583     266           
 852   28676   10           10                 3           1          1             -45143   117000    286           
 852   28888   8            8                  1           1          1             -42260   111031    371           
 852   28908   6            6                  6           2          0             -33614   81616     380           
 852   28959   6            6                  1           2          0             -33614   76751     397           
 1253  41188   5            5                  0           2          0             -32653   76334     36            
 1253  41192   6            6                  7           2          0             -34575   82032     39            
 1253  41223   9            9                  2           1          1             -43221   111447    65            
 1253  41295   5            5                  2           2          0             -32653   77167     156           
 1253  41312   6            6                  5           2          0             -34575   81200     171           
 1253  41321   9            9                  0           1          1             -43221   110615    171           
 1253  41336   10           10                 5           1          1             -45143   117832    182           
 1253  41429   6            6                  4           2          0             -33614   80783     251           
 1253  41441   9            9                  4           1          1             -44182   117416    252           
 1253  41456   6            6                  3           2          0             -33614   77583     266           
 1253  41508   10           10                 3           1          1             -45143   117000    286           
 1253  41720   8            8                  1           1          1             -42260   111031    371           
 1253  41740   6            6                  6           2          0             -33614   81616     380           
 1253  41791   6            6                  1           2          0             -33614   76751     397           
 1438  47108   143          11                 0           5          0             -314266  76334     23            
 1438  47108   143          11                 0           5          0             -314266  76334     23            
 1438  47126   153          21                 4           5          0             -332528  80783     42            
 1438  47126   153          21                 4           5          0             -332528  80783     42            
 1438  47169   297          49                 4           5          2             -633071  155192    55            
 1438  47169   297          49                 4           5          2             -633071  155192    55            
 1438  47180   146          14                 3           5          0             -319072  77583     106           
 1438  47180   146          14                 3           5          0             -319072  77583     106           
 1438  47184   298          50                 5           5          2             -634032  155608    80            
 1438  47184   298          50                 5           5          2             -634032  155608    80            
 1438  47200   155          23                 7           5          0             -337333  82032     127           
 1438  47200   155          23                 7           5          0             -337333  82032     127           
 1438  47204   234          34                 3           5          1             -480397  117000    115           
 1438  47204   234          34                 3           5          1             -480397  117000    115           
 1438  47212   222          22                 2           5          1             -457330  111447    126           
 1438  47212   222          22                 2           5          1             -457330  111447    126           
 1438  47216   155          23                 6           5          0             -336372  81616     144           
 1438  47216   155          23                 6           5          0             -336372  81616     144           
 1438  47220   285          37                 2           5          2             -609043  149223    117           
 1438  47220   285          37                 2           5          2             -609043  149223    117           
 1438  47230   221          21                 1           5          1             -456369  111031    146           
 1438  47230   221          21                 1           5          1             -456369  111031    146           
 1438  47234   145          13                 2           5          0             -318111  77167     163           
 1438  47234   145          13                 2           5          0             -318111  77167     163           
 1438  47242   284          36                 1           5          2             -608082  148807    142           
 1438  47242   284          36                 1           5          2             -608082  148807    142           
 1438  47243   234          34                 4           5          1             -481358  117416    156           
 1438  47243   234          34                 4           5          1             -481358  117416    156           
 1438  47328   297          49                 3           5          2             -632110  154776    212           
 1438  47328   297          49                 3           5          2             -632110  154776    212           
 1438  47356   144          12                 1           5          0             -315227  76751     249           
 1438  47356   144          12                 1           5          0             -315227  76751     249           
 1438  47399   153          21                 5           5          0             -333489  81200     271           
 1438  47399   153          21                 5           5          0             -333489  81200     271           
 1438  47429   236          36                 5           5          1             -484241  117832    278           
 1438  47429   236          36                 5           5          1             -484241  117832    278           
 1438  47452   220          20                 0           5          1             -453485  110615    291           
 1438  47452   220          20                 0           5          1             -453485  110615    291           
 1438  47488   283          35                 0           5          2             -605199  148391    300           
 1438  47488   283          35                 0           5          2             -605199  148391    300           
 1438  47581   221          21                 0           5          1             -455408  110615    346           
 1438  47581   221          21                 0           5          1             -455408  110615    346           
 1438  47717   284          36                 0           5          2             -607121  148391    386           
 1438  47717   284          36                 0           5          2             -607121  148391    386           
 1438  47734   299          51                 5           5          2             -635955  155608    390           
 1438  47734   299          51                 5           5          2             -635955  155608    390           
 1438  47745   154          22                 5           5          0             -335411  81200     404           
 1438  47745   154          22                 5           5          0             -335411  81200     404           
 1438  47750   235          35                 5           5          1             -482319  117832    400           
 1438  47750   235          35                 5           5          1             -482319  117832    400           
 1438  47809   145          13                 1           5          0             -317150  76751     423           
 1438  47809   145          13                 1           5          0             -317150  76751     423           
 1621  53253   46           16                 0           2          0             -112677  76334     277           
 1621  53806   46           16                 1           2          0             -111716  76751     465           
 1903  61986   166          6                  5           4          1             -348494  117832    0             
 1903  62005   107          11                 7           4          0             -243866  82032     49            
 1903  62010   98           2                  0           4          0             -226566  76334     53            
 1903  62013   196          20                 0           4          2             -436845  148391    25            
 1903  62020   157          53                 2           3          1             -330039  111447    49            
 1903  62021   99           3                  1           4          0             -227527  76751     65            
 1903  62062   165          5                  4           4          1             -347533  117416    96            
 1903  62093   196          20                 1           4          2             -437806  148807    118           
 1903  62113   156          52                 1           3          1             -329078  111031    154           
 1903  62113   207          31                 5           4          2             -457990  155608    137           
 1903  62129   99           3                  2           4          0             -228488  77167     180           
 1903  62164   165          5                  3           4          1             -346572  117000    196           
 1903  62206   197          21                 2           4          2             -438768  149223    217           
 1903  62222   105          9                  4           4          0             -239061  80783     243           
 1903  62237   206          30                 4           4          2             -457029  155192    235           
 1903  62262   156          52                 0           3          1             -328117  110615    259           
 1903  62312   100          4                  3           4          0             -229449  77583     290           
 1903  62359   107          11                 6           4          0             -242905  81616     310           
 1903  62429   206          30                 3           4          2             -456068  154776    328           
 1903  62474   105          9                  5           4          0             -240022  81200     355           
 1903  62677   106          10                 5           4          0             -241944  81200     420           
 1903  62831   106          10                 6           4          0             -240983  81616     463           
 1903  62831   205          29                 3           4          2             -454145  154776    456           
 1965  64271   179          17                 3           6          0             -383719  77583     276           
 1965  64271   179          17                 3           6          0             -383719  77583     276           
 2229  72421   22           22                 1           2          0             -64370   76751     34            
 2229  72421   22           22                 1           2          0             -64370   76751     34            
 2229  72445   24           24                 6           2          0             -68214   81616     59            
 2229  72445   24           24                 6           2          0             -68214   81616     59            
 2229  72447   38           38                 3           1          2             -129686  154776    35            
 2229  72447   38           38                 3           1          2             -129686  154776    35            
 2229  72496   37           37                 4           1          1             -98004   117416    106           
 2229  72496   37           37                 4           1          1             -98004   117416    106           
 2229  72498   34           34                 1           1          1             -92238   111031    111           
 2229  72498   34           34                 1           1          1             -92238   111031    111           
 2229  72519   35           35                 0           1          2             -123919  148391    121           
 2229  72519   35           35                 0           1          2             -123919  148391    121           
 2229  72571   35           35                 1           1          2             -124880  148807    173           
 2229  72571   35           35                 1           1          2             -124880  148807    173           
 2229  72597   35           35                 2           1          1             -93199   111447    203           
 2229  72597   35           35                 2           1          1             -93199   111447    203           
 2229  72599   37           37                 3           1          1             -97043   117000    203           
 2229  72599   37           37                 3           1          1             -97043   117000    203           
 2229  72657   24           24                 7           2          0             -69175   82032     247           
 2229  72657   24           24                 7           2          0             -69175   82032     247           
 2229  72699   24           24                 4           2          0             -68214   80783     270           
 2229  72699   24           24                 4           2          0             -68214   80783     270           
 2229  72716   22           22                 2           2          0             -65331   77167     279           
 2229  72716   22           22                 2           2          0             -65331   77167     279           
 2229  72786   38           38                 4           1          2             -130647  155192    300           
 2229  72786   38           38                 4           1          2             -130647  155192    300           
 2229  72850   21           21                 0           2          0             -63409   76334     337           
 2229  72850   21           21                 0           2          0             -63409   76334     337           
 2229  72908   38           38                 5           1          2             -129686  155608    349           
 2229  72908   38           38                 5           1          2             -129686  155608    349           
 2229  72910   22           22                 3           2          0             -64370   77583     359           
 2229  72910   22           22                 3           2          0             -64370   77583     359           
 2229  72941   23           23                 5           2          0             -67253   81200     369           
 2229  72941   23           23                 5           2          0             -67253   81200     369           
 2229  73060   38           38                 5           1          1             -98966   117832    404           
 2229  73060   38           38                 5           1          1             -98966   117832    404           
 2229  73068   34           34                 0           1          1             -91277   110615    407           
 2229  73068   34           34                 0           1          1             -91277   110615    407           
 2339  76346   97           1                  0           4          0             -224644  76334     327           
 2339  76346   97           1                  0           4          0             -224644  76334     327           
 2339  76690   98           2                  0           4          0             -226566  76334     439           
 2339  76690   98           2                  0           4          0             -226566  76334     439           
 2549  82654   57           9                  2           2          1             -136661  111447    22            
 2549  82654   57           9                  2           2          1             -136661  111447    22            
 2549  82696   37           7                  2           2          0             -95377   77167     81            
 2549  82696   37           7                  2           2          0             -95377   77167     81            
 2549  82719   63           15                 1           2          2             -179875  148807    88            
 2549  82719   63           15                 1           2          2             -179875  148807    88            
 2549  82724   40           10                 4           2          0             -100183  80783     113           
 2549  82724   40           10                 4           2          0             -100183  80783     113           
 2549  82725   61           13                 5           2          1             -144350  117832    104           
 2549  82725   61           13                 5           2          1             -144350  117832    104           
 2549  82730   67           19                 4           2          2             -187564  155192    99            
 2549  82730   67           19                 4           2          2             -187564  155192    99            
 2549  82747   60           12                 4           2          1             -143388  117416    129           
 2549  82747   60           12                 4           2          1             -143388  117416    129           
 2549  82748   38           8                  3           2          0             -96338   77583     140           
 2549  82748   38           8                  3           2          0             -96338   77583     140           
 2549  82761   40           10                 7           2          0             -101144  82032     152           
 2549  82761   40           10                 7           2          0             -101144  82032     152           
 2549  82769   67           19                 3           2          2             -186603  154776    143           
 2549  82769   67           19                 3           2          2             -186603  154776    143           
 2549  82781   64           16                 2           2          2             -180836  149223    156           
 2549  82781   64           16                 2           2          2             -180836  149223    156           
 2549  82849   56           8                  1           2          1             -135700  111031    217           
 2549  82849   56           8                  1           2          1             -135700  111031    217           
 2549  83002   37           7                  1           2          0             -94416   76751     303           
 2549  83002   37           7                  1           2          0             -94416   76751     303           
 2549  83054   63           15                 0           2          2             -178914  148391    318           
 2549  83054   63           15                 0           2          2             -178914  148391    318           
 2549  83073   68           20                 5           2          2             -188525  155608    325           
 2549  83073   68           20                 5           2          2             -188525  155608    325           
 2549  83079   40           10                 5           2          0             -101144  81200     334           
 2549  83079   40           10                 5           2          0             -101144  81200     334           
 2549  83153   60           12                 3           2          1             -142427  117000    359           
 2549  83153   60           12                 3           2          1             -142427  117000    359           
 2549  83177   40           10                 6           2          0             -100183  81616     370           
 2549  83177   40           10                 6           2          0             -100183  81616     370           
 2549  83274   37           7                  0           2          0             -95377   76334     402           
 2549  83274   37           7                  0           2          0             -95377   76334     402           
 2549  83418   56           8                  0           2          1             -134738  110615    441           
 2549  83418   56           8                  0           2          1             -134738  110615    441           
 2788  90298   79           31                 3           2          1             -178950  117000    14            
 2788  90298   79           31                 3           2          1             -178950  117000    14            
 2788  90324   98           50                 5           2          2             -246192  155608    35            
 2788  90324   98           50                 5           2          2             -246192  155608    35            
 2788  90331   92           44                 2           2          2             -234659  149223    45            
 2788  90331   92           44                 2           2          2             -234659  149223    45            
 2788  90359   97           49                 4           2          2             -245231  155192    75            
 2788  90359   97           49                 4           2          2             -245231  155192    75            
 2788  90387   51           21                 4           2          0             -121328  80783     129           
 2788  90387   51           21                 4           2          0             -121328  80783     129           
 2788  90399   79           31                 4           2          1             -179911  117416    133           
 2788  90399   79           31                 4           2          1             -179911  117416    133           
 2788  90400   47           17                 0           2          0             -114600  76334     144           
 2788  90400   47           17                 0           2          0             -114600  76334     144           
 2788  90421   91           43                 1           2          2             -233698  148807    147           
 2788  90421   91           43                 1           2          2             -233698  148807    147           
 2788  90435   74           26                 2           2          1             -169339  111447    169           
 2788  90435   74           26                 2           2          1             -169339  111447    169           
 2788  90457   97           49                 3           2          2             -244270  154776    179           
 2788  90457   97           49                 3           2          2             -244270  154776    179           
 2788  90535   91           43                 0           2          2             -232737  148391    235           
 2788  90535   91           43                 0           2          2             -232737  148391    235           
 2788  90564   80           32                 5           2          1             -180872  117832    256           
 2788  90564   80           32                 5           2          1             -180872  117832    256           
 2788  90610   51           21                 5           2          0             -122289  81200     284           
 2788  90610   51           21                 5           2          0             -122289  81200     284           
 2788  90633   73           25                 1           2          1             -168378  111031    291           
 2788  90633   73           25                 1           2          1             -168378  111031    291           
 2788  90634   48           18                 3           2          0             -115561  77583     296           
 2788  90634   48           18                 3           2          0             -115561  77583     296           
 2788  90645   48           18                 1           2          0             -115561  76751     301           
 2788  90645   48           18                 1           2          0             -115561  76751     301           
 2788  90689   51           21                 7           2          0             -122289  82032     319           
 2788  90689   51           21                 7           2          0             -122289  82032     319           
 2788  91000   73           25                 0           2          1             -167416  110615    422           
 2788  91000   73           25                 0           2          1             -167416  110615    422           
 2788  91030   52           22                 6           2          0             -123250  81616     433           
 2788  91030   52           22                 6           2          0             -123250  81616     433           
 2788  91092   48           18                 2           2          0             -116522  77167     450           
 2788  91092   48           18                 2           2          0             -116522  77167     450           
 2788  91095   47           17                 2           2          0             -114600  77167     451           
 2788  91095   47           17                 2           2          0             -114600  77167     451           
 2964  95957   189          27                 4           6          0             -402941  80783     42            
 2964  95957   189          27                 4           6          0             -402941  80783     42            
 2964  95959   181          19                 3           6          0             -387563  77583     46            
 2964  95959   181          19                 3           6          0             -387563  77583     46            
 2964  95963   266          26                 1           6          1             -544060  111031    35            
 2964  95963   266          26                 1           6          1             -544060  111031    35            
 2964  95979   334          14                 1           6          2             -705313  148807    37            
 2964  95979   334          14                 1           6          2             -705313  148807    37            
 2964  95995   349          29                 5           6          2             -733185  155608    52            
 2964  95995   349          29                 5           6          2             -733185  155608    52            
 2964  96007   191          29                 6           6          0             -406785  81616     100           
 2964  96007   191          29                 6           6          0             -406785  81616     100           
 2964  96011   179          17                 1           6          0             -383719  76751     107           
 2964  96011   179          17                 1           6          0             -383719  76751     107           
 2964  96027   282          42                 5           6          1             -573855  117832    107           
 2964  96027   282          42                 5           6          1             -573855  117832    107           
 2964  96057   347          27                 3           6          2             -729341  154776    125           
 2964  96057   347          27                 3           6          2             -729341  154776    125           
 2964  96072   177          15                 0           6          0             -380835  76334     170           
 2964  96072   177          15                 0           6          0             -380835  76334     170           
 2964  96086   280          40                 3           6          1             -570010  117000    168           
 2964  96086   280          40                 3           6          1             -570010  117000    168           
 2964  96095   192          30                 7           6          0             -409669  82032     187           
 2964  96095   192          30                 7           6          0             -409669  82032     187           
 2964  96114   281          41                 4           6          1             -572893  117416    191           
 2964  96114   281          41                 4           6          1             -572893  117416    191           
 2964  96171   179          17                 2           6          0             -384680  77167     240           
 2964  96171   179          17                 2           6          0             -384680  77167     240           
 2964  96178   190          28                 5           6          0             -405824  81200     243           
 2964  96178   190          28                 5           6          0             -405824  81200     243           
 2964  96228   335          15                 2           6          2             -706274  149223    257           
 2964  96228   335          15                 2           6          2             -706274  149223    257           
 2964  96254   334          14                 0           6          2             -704352  148391    270           
 2964  96254   334          14                 0           6          2             -704352  148391    270           
 2964  96280   267          27                 2           6          1             -545021  111447    290           
 2964  96280   267          27                 2           6          1             -545021  111447    290           
 2964  96333   348          28                 4           6          2             -732224  155192    306           
 2964  96333   348          28                 4           6          2             -732224  155192    306           
 2964  96344   266          26                 0           6          1             -543099  110615    318           
 2964  96344   266          26                 0           6          1             -543099  110615    318           
 2964  96367   265          25                 0           6          1             -541176  110615    327           
 2964  96367   265          25                 0           6          1             -541176  110615    327           
 2964  96444   268          28                 2           6          1             -546943  111447    356           
 2964  96444   268          28                 2           6          1             -546943  111447    356           
 2964  96471   180          18                 2           6          0             -386602  77167     370           
 2964  96471   180          18                 2           6          0             -386602  77167     370           
 2964  96481   189          27                 5           6          0             -403902  81200     373           
 2964  96481   189          27                 5           6          0             -403902  81200     373           
 2964  96510   347          27                 4           6          2             -730302  155192    373           
 2964  96510   347          27                 4           6          2             -730302  155192    373           
 2964  96618   333          13                 0           6          2             -702430  148391    409           
 2964  96618   333          13                 0           6          2             -702430  148391    409           
 2964  96658   336          16                 2           6          2             -708196  149223    420           
 2964  96658   336          16                 2           6          2             -708196  149223    420           
 2964  96683   191          29                 7           6          0             -407747  82032     435           
 2964  96683   191          29                 7           6          0             -407747  82032     435           
 2964  96706   178          16                 0           6          0             -382757  76334     442           
 2964  96706   178          16                 0           6          0             -382757  76334     442           
 2964  96776   280          40                 4           6          1             -570971  117416    457           
 2964  96776   280          40                 4           6          1             -570971  117416    457           
 3131  101268  196          34                 1           6          0             -416397  76751     0             
 3131  101268  196          34                 1           6          0             -416397  76751     0             
 3131  101369  194          32                 0           6          0             -413513  76334     121           
 3131  101369  194          32                 0           6          0             -413513  76334     121           
 3131  101372  197          35                 2           6          0             -419280  77167     124           
 3131  101372  197          35                 2           6          0             -419280  77167     124           
 3131  101953  196          34                 2           6          0             -417358  77167     414           
 3131  101953  196          34                 2           6          0             -417358  77167     414           
 3131  101996  195          33                 0           6          0             -415436  76334     426           
 3131  101996  195          33                 0           6          0             -415436  76334     426           
 3182  102925  62           32                 6           2          0             -142472  81616     49            
 3182  102931  102          54                 1           2          2             -254843  148807    39            
 3182  102942  62           32                 7           2          0             -143433  82032     69            
 3182  102986  103          55                 2           2          2             -255804  149223    103           
 3182  102988  92           44                 5           2          1             -203939  117832    113           
 3182  102999  86           38                 0           2          1             -192406  110615    127           
 3182  103031  61           31                 5           2          0             -141511  81200     166           
 3182  103054  102          54                 0           2          2             -253881  148391    173           
 3182  103088  57           27                 0           2          0             -133822  76334     212           
 3182  103142  108          60                 5           2          2             -265415  155608    235           
 3182  103150  91           43                 4           2          1             -202978  117416    244           
 3182  103163  86           38                 1           2          1             -193367  111031    253           
 3182  103185  61           31                 4           2          0             -140550  80783     268           
 3182  103290  58           28                 1           2          0             -134783  76751     317           
 3182  103373  58           28                 3           2          0             -134783  77583     349           
 3182  103420  91           43                 3           2          1             -202017  117000    363           
 3182  103429  87           39                 2           2          1             -194328  111447    366           
 3182  103446  107          59                 4           2          2             -264454  155192    369           
 3182  103450  92           44                 4           2          1             -204900  117416    371           
 3182  103517  108          60                 3           2          2             -265415  154776    392           
 3182  103614  58           28                 2           2          0             -135744  77167     427           
 3182  103725  57           27                 2           2          0             -133822  77167     457           
 3232  104525  62           32                 6           2          0             -142472  81616     49            
 3232  104531  102          54                 1           2          2             -254843  148807    39            
 3232  104542  62           32                 7           2          0             -143433  82032     69            
 3232  104586  103          55                 2           2          2             -255804  149223    103           
 3232  104588  92           44                 5           2          1             -203939  117832    113           
 3232  104599  86           38                 0           2          1             -192406  110615    127           
 3232  104631  61           31                 5           2          0             -141511  81200     166           
 3232  104654  102          54                 0           2          2             -253881  148391    173           
 3232  104688  57           27                 0           2          0             -133822  76334     212           
 3232  104742  108          60                 5           2          2             -265415  155608    235           
 3232  104750  91           43                 4           2          1             -202978  117416    244           
 3232  104763  86           38                 1           2          1             -193367  111031    253           
 3232  104785  61           31                 4           2          0             -140550  80783     268           
 3232  104890  58           28                 1           2          0             -134783  76751     317           
 3232  104973  58           28                 3           2          0             -134783  77583     349           
 3232  105020  91           43                 3           2          1             -202017  117000    363           
 3232  105029  87           39                 2           2          1             -194328  111447    366           
 3232  105046  107          59                 4           2          2             -264454  155192    369           
 3232  105050  92           44                 4           2          1             -204900  117416    371           
 3232  105117  108          60                 3           2          2             -265415  154776    392           
 3232  105214  58           28                 2           2          0             -135744  77167     427           
 3232  105325  57           27                 2           2          0             -133822  77167     457           
 3592  116071  138          6                  6           5          0             -303694  81616     62            
 3592  116071  138          6                  6           5          0             -303694  81616     62            
 3592  116087  204          4                  2           5          1             -422729  111447    66            
 3592  116087  204          4                  2           5          1             -422729  111447    66            
 3592  116088  216          16                 3           5          1             -445796  117000    65            
 3592  116088  216          16                 3           5          1             -445796  117000    65            
 3592  116091  271          23                 1           5          2             -583093  148807    52            
 3592  116091  271          23                 1           5          2             -583093  148807    52            
 3592  116094  202          2                  0           5          1             -418885  110615    75            
 3592  116094  202          2                  0           5          1             -418885  110615    75            
 3592  116107  129          33                 2           4          0             -286156  77167     107           
 3592  116107  129          33                 2           4          0             -286156  77167     107           
 3592  116113  287          39                 5           5          2             -612888  155608    74            
 3592  116113  287          39                 5           5          2             -612888  155608    74            
 3592  116127  129          33                 1           4          0             -285194  76751     130           
 3592  116127  129          33                 1           4          0             -285194  76751     130           
 3592  116157  285          37                 3           5          2             -609043  154776    126           
 3592  116157  285          37                 3           5          2             -609043  154776    126           
 3592  116172  138          6                  7           5          0             -304655  82032     172           
 3592  116172  138          6                  7           5          0             -304655  82032     172           
 3592  116174  136          4                  4           5          0             -299849  80783     174           
 3592  116174  136          4                  4           5          0             -299849  80783     174           
 3592  116189  218          18                 5           5          1             -449641  117832    173           
 3592  116189  218          18                 5           5          1             -449641  117832    173           
 3592  116244  216          16                 4           5          1             -446757  117416    215           
 3592  116244  216          16                 4           5          1             -446757  117416    215           
 3592  116273  286          38                 4           5          2             -611927  155192    223           
 3592  116273  286          38                 4           5          2             -611927  155192    223           
 3592  116298  272          24                 2           5          2             -584054  149223    240           
 3592  116298  272          24                 2           5          2             -584054  149223    240           
 3592  116365  137          5                  5           5          0             -302733  81200     290           
 3592  116365  137          5                  5           5          0             -302733  81200     290           
 3592  116409  270          22                 0           5          2             -580210  148391    297           
 3592  116409  270          22                 0           5          2             -580210  148391    297           
 3592  116446  285          37                 4           5          2             -610004  155192    315           
 3592  116446  285          37                 4           5          2             -610004  155192    315           
 3592  116454  130          34                 3           4          0             -287117  77583     329           
 3592  116454  130          34                 3           4          0             -287117  77583     329           
 3592  116479  202          2                  1           5          1             -419846  111031    333           
 3592  116479  202          2                  1           5          1             -419846  111031    333           
 3592  116487  127          31                 0           4          0             -282311  76334     342           
 3592  116487  127          31                 0           4          0             -282311  76334     342           
 3592  116487  203          3                  1           5          1             -421768  111031    337           
 3592  116487  203          3                  1           5          1             -421768  111031    337           
 3592  116520  128          32                 0           4          0             -284233  76334     354           
 3592  116520  128          32                 0           4          0             -284233  76334     354           
 3592  116534  271          23                 0           5          2             -582132  148391    348           
 3592  116534  271          23                 0           5          2             -582132  148391    348           
 3592  116549  131          35                 3           4          0             -289039  77583     364           
 3592  116549  131          35                 3           4          0             -289039  77583     364           
 3592  116650  136          4                  5           5          0             -300811  81200     397           
 3592  116650  136          4                  5           5          0             -300811  81200     397           
 3592  116703  273          25                 2           5          2             -585976  149223    404           
 3592  116703  273          25                 2           5          2             -585976  149223    404           
 3592  116842  217          17                 4           5          1             -448680  117416    448           
 3592  116842  217          17                 4           5          1             -448680  117416    448           
 3833  123744  64           34                 6           2          0             -146317  81616     24            
 3833  123744  64           34                 6           2          0             -146317  81616     24            
 3833  123761  116          68                 2           2          2             -280793  149223    16            
 3833  123761  116          68                 2           2          2             -280793  149223    16            
 3833  123767  97           49                 4           2          1             -214511  117416    37            
 3833  123767  97           49                 4           2          1             -214511  117416    37            
 3833  123786  115          67                 1           2          2             -279832  148807    46            
 3833  123786  115          67                 1           2          2             -279832  148807    46            
 3833  123792  64           34                 7           2          0             -147278  82032     80            
 3833  123792  64           34                 7           2          0             -147278  82032     80            
 3833  123799  113          65                 4           2          2             -275987  155192    67            
 3833  123799  113          65                 4           2          2             -275987  155192    67            
 3833  123813  114          66                 3           2          2             -276948  154776    84            
 3833  123813  114          66                 3           2          2             -276948  154776    84            
 3833  123815  97           49                 3           2          1             -213550  117000    93            
 3833  123815  97           49                 3           2          1             -213550  117000    93            
 3833  123818  115          67                 0           2          2             -278871  148391    83            
 3833  123818  115          67                 0           2          2             -278871  148391    83            
 3833  123829  63           33                 5           2          0             -145356  81200     123           
 3833  123829  63           33                 5           2          0             -145356  81200     123           
 3833  123873  113          65                 5           2          2             -275026  155608    151           
 3833  123873  113          65                 5           2          2             -275026  155608    151           
 3833  123938  63           33                 4           2          0             -144394  80783     217           
 3833  123938  63           33                 4           2          0             -144394  80783     217           
 3833  123970  60           30                 3           2          0             -138628  77583     238           
 3833  123970  60           30                 3           2          0             -138628  77583     238           
 3833  124103  91           43                 2           2          1             -202017  111447    300           
 3833  124103  91           43                 2           2          1             -202017  111447    300           
 3833  124146  122          2                  3           3          2             -293445  154776    312           
 3833  124146  122          2                  3           3          2             -293445  154776    312           
 3833  124186  59           29                 0           2          0             -137667  76334     339           
 3833  124186  59           29                 0           2          0             -137667  76334     339           
 3833  124192  59           29                 2           2          0             -137667  77167     341           
 3833  124192  59           29                 2           2          0             -137667  77167     341           
 3833  124224  122          2                  4           3          2             -294406  155192    343           
 3833  124224  122          2                  4           3          2             -294406  155192    343           
 3833  124241  90           42                 1           2          1             -201056  111031    355           
 3833  124241  90           42                 1           2          1             -201056  111031    355           
 3833  124300  123          3                  5           3          2             -295367  155608    370           
 3833  124300  123          3                  5           3          2             -295367  155608    370           
 3833  124444  90           42                 0           2          1             -200095  110615    421           
 3833  124444  90           42                 0           2          1             -200095  110615    421           
 3833  124491  60           30                 1           2          0             -138628  76751     437           
 3833  124491  60           30                 1           2          0             -138628  76751     437           
 3833  124503  59           29                 1           2          0             -136705  76751     441           
 3833  124503  59           29                 1           2          0             -136705  76751     441           
 3833  124521  91           43                 0           2          1             -202017  110615    442           
 3833  124521  91           43                 0           2          1             -202017  110615    442           
 3858  124532  20           20                 0           2          0             -61486   76334     19            
 3858  124532  20           20                 0           2          0             -61486   76334     19            
 3858  124550  42           42                 5           1          2             -137375  155608    15            
 3858  124550  42           42                 5           1          2             -137375  155608    15            
 3858  124558  21           21                 3           2          0             -62448   77583     49            
 3858  124558  21           21                 3           2          0             -62448   77583     49            
 3858  124596  35           35                 2           1          1             -93199   111447    83            
 3858  124596  35           35                 2           1          1             -93199   111447    83            
 3858  124609  23           23                 6           2          0             -66292   81616     107           
 3858  124609  23           23                 6           2          0             -66292   81616     107           
 3858  124647  38           38                 0           1          2             -129686  148391    131           
 3858  124647  38           38                 0           1          2             -129686  148391    131           
 3858  124653  38           38                 1           1          2             -130647  148807    137           
 3858  124653  38           38                 1           1          2             -130647  148807    137           
 3858  124654  38           38                 3           1          1             -98966   117000    147           
 3858  124654  38           38                 3           1          1             -98966   117000    147           
 3858  124696  22           22                 5           2          0             -65331   81200     192           
 3858  124696  22           22                 5           2          0             -65331   81200     192           
 3858  124791  41           41                 4           1          2             -136413  155192    242           
 3858  124791  41           41                 4           1          2             -136413  155192    242           
 3858  124797  38           38                 5           1          1             -98966   117832    251           
 3858  124797  38           38                 5           1          1             -98966   117832    251           
 3858  124920  21           21                 1           2          0             -62448   76751     315           
 3858  124920  21           21                 1           2          0             -62448   76751     315           
 3858  124926  35           35                 0           1          1             -93199   110615    314           
 3858  124926  35           35                 0           1          1             -93199   110615    314           
 3858  124969  20           20                 2           2          0             -61486   77167     335           
 3858  124969  20           20                 2           2          0             -61486   77167     335           
 3858  125026  34           34                 1           1          1             -92238   111031    353           
 3858  125026  34           34                 1           1          1             -92238   111031    353           
 3858  125058  39           39                 2           1          2             -131608  149223    361           
 3858  125058  39           39                 2           1          2             -131608  149223    361           
 3858  125141  23           23                 7           2          0             -67253   82032     394           
 3858  125141  23           23                 7           2          0             -67253   82032     394           
 3858  125200  38           38                 4           1          1             -99927   117416    409           
 3858  125200  38           38                 4           1          1             -99927   117416    409           
 3858  125298  42           42                 3           1          2             -137375  154776    435           
 3858  125298  42           42                 3           1          2             -137375  154776    435           
 3858  125373  23           23                 4           2          0             -66292   80783     461           
 3858  125373  23           23                 4           2          0             -66292   80783     461           