 BCID  ToA     nTC  TC_sent  TC_id  Eta              Phi            pT_thr  Charge  Coincidence  z_RPC0  z_RPC1  z_RPC2  z_RPC3  
 12    2169    1    1        0      0.600183105469   3.81654420026  11      0       5            3245    4316    4689    6090    
 20    2425    1    1        0      0.21357421875    3.71836942983  11      0       5            1105    1527    1713    2358    
 50    3385    1    1        0      0.0939331054688  3.75518496874  11      0       5            493     677     730     994     
 72    4089    1    1        0      0.31376953125    3.71836942983  2       0       5            1621    2112    2218    2528    
 83    4441    1    1        0      0.0853637695313  3.68155389093  11      0       2            435     598     0       960     
 93    4761    1    1        0      0.33486328125    3.81654420026  7       0       5            1742    2377    2642    3629    
 93    4761    1    1        0      0.9755859375     3.73064127614  9       0       3            5806    0       8383    10793   
 99    4953    1    1        0      0.255432128906   3.84108789287  11      0       5            1325    1752    1927    2494    
 105   5145    1    1        0      0.604797363281   3.76745681505  11      0       4            0       4397    4848    6459    
 106   5177    1    1        0      0.884948730469   3.75518496874  9       0       5            5129    6952    7716    10284   
 109   5273    1    1        0      0.140734863281   3.81654420026  2       0       5            717     889     916     892     
 118   5561    1    1        0      0.162158203125   3.85335973917  2       0       5            834     995     1037    1079    
 124   5753    1    1        0      1.02766113281    3.86563158547  7       0       2            6218    8246    0       11393   
 147   6489    1    1        0      0.330578613281   3.80427235396  11      0       5            1716    2298    2510    3276    
 171   7257    1    1        0      0.975256347656   3.71836942983  7       0       5            5806    7807    8633    11726   
 204   8313    1    1        0      0.584692382813   3.76745681505  11      0       5            3165    4276    4689    6255    
 216   8697    1    1        0      0.86220703125    3.68155389093  11      0       2            4953    6614    0       9370    
 228   9081    1    1        0      0.124255371094   3.82881604656  11      0       5            647     863     942     1228    
 251   9817    1    1        0      0.27685546875    3.68155389093  2       0       2            1437    1805    0       2180    
 275   10585   1    1        0      0.684228515625   3.85335973917  11      0       5            3760    5033    5541    7322    
 275   10585   1    1        0      0.934057617188   3.77972866135  11      0       5            5490    7349    8095    10757   
 301   11417   2    1        0      0.983166503906   3.70609758353  11      0       5            5859    7837    8527    11163   
 301   11417   2    1        1      0.983166503906   3.70609758353  9       0       5            5859    7837    8527    11163   
 310   11705   1    1        0      0.305859375      3.81654420026  11      0       5            1577    2086    2298    2970    
 324   12153   1    1        0      0.809802246094   3.87790343177  11      0       5            4601    6114    6658    8758    
 334   12473   1    1        0      0.727734375      3.89017527808  11      0       1            4049    5379    5864    0       
 344   12793   1    1        0      0.280810546875   3.87790343177  11      0       5            1459    1953    2152    2868    
 364   13433   1    1        0      0.614685058594   3.74291312244  11      0       4            0       4477    4914    6374    
 415   15065   1    1        0      0.9544921875     3.70609758353  9       0       3            5644    0       8352    11110   
 425   15385   1    1        0      0.914611816406   3.69382573723  11      0       3            5343    0       7822    10165   
 425   15385   2    1        0      0.320690917969   3.76745681505  7       0       5            1665    2298    2550    3595    
 425   15385   2    1        1      0.318383789063   3.76745681505  2       0       5            1643    2298    2550    3595    
 428   15481   1    1        0      0.7435546875     3.89017527808  11      0       2            4159    5511    0       7798    
 465   16665   1    1        0      0.415942382813   3.73064127614  11      0       5            2187    2896    3187    4156    
 465   16665   1    1        0      0.907360839844   3.81654420026  11      0       2            5292    7114    0       10335   
 503   17881   1    1        0      0.54052734375    3.73064127614  11      0       5            2901    3892    4263    5525    
 515   18265   1    1        0      0.592272949219   3.89017527808  11      0       5            3209    4236    4622    5984    
 518   18361   1    1        0      0.455163574219   3.76745681505  11      0       5            2404    3187    3505    4609    
 528   18681   1    1        0      0.0810791015625  3.80427235396  11      0       5            427     571     598     722     
 547   19289   1    1        0      0.886596679688   3.73064127614  9       0       3            5143    0       7679    10318   
 551   19417   1    1        0      0.849353027344   3.89017527808  2       0       5            4879    6423    6937    8690    
 571   20057   1    1        0      0.289379882812   3.87790343177  11      0       5            1496    1993    2165    2766    
 578   20281   1    1        0      0.272570800781   3.80427235396  11      0       5            1408    1874    2033    2647    
 578   20281   1    1        0      0.695434570312   3.86563158547  11      0       5            3841    5060    5541    7258    
 586   20537   1    1        0      0.781457519531   3.90244712438  11      0       1            4401    5850    6379    0       
 608   21241   1    1        0      0.221484375      3.86563158547  11      0       5            1146    1567    1726    2358    
 620   21625   1    1        0      0.284765625      3.86563158547  11      0       5            1481    2020    2245    3055    
 621   21657   1    1        0      0.0599853515625  3.80427235396  11      0       4            0       412     465     586     
 621   21657   1    1        0      0.179296875      3.68155389093  9       0       2            915     1196    0       1568    
 627   21849   1    1        0      0.879675292969   3.70609758353  11      0       3            5092    0       7378    9638    
 641   22297   1    1        0      0.976904296875   3.89017527808  11      0       5            5813    7837    8618    11410   
 648   22521   1    1        0      0.14501953125    3.89017527808  11      0       5            739     990     1090    1415    
 648   22521   1    1        0      0.435717773438   3.71836942983  7       0       5            2297    3081    3426    4786    
 666   23097   1    1        0      0.632482910156   3.84108789287  11      0       5            3467    4583    5086    6748    
 673   23321   1    1        0      0.589965820312   3.87790343177  11      0       5            3187    4250    4622    5913    
 676   23417   1    1        0      0.358923339844   3.77972866135  11      0       5            1877    2510    2737    3544    
 686   23737   1    1        0      0.204675292969   3.86563158547  11      0       5            1061    1448    1607    2180    
 693   23961   1    1        0      0.424182128906   3.71836942983  11      0       5            2231    2922    3187    4122    
 700   24185   1    1        0      0.166442871094   3.82881604656  11      0       5            856     1116    1222    1500    
 700   24185   1    1        0      0.733666992188   3.81654420026  11      0       5            4093    5526    6055    8087    
 704   24313   1    1        0      0.115686035156   3.76745681505  11      0       5            589     810     916     1228    
 709   24473   1    1        0      0.400451660156   3.89017527808  11      0       5            2107    2816    3081    4054    
 719   24793   1    1        0      1.03985595703    3.84108789287  2       0       5            6313    8201    8785    10775   
 751   25817   1    1        0      0.857592773438   3.87790343177  11      0       5            4931    6643    7261    9638    
 753   25881   1    1        0      0.187536621094   3.87790343177  11      0       5            959     1262    1355    1738    
 769   26393   1    1        0      0.412316894531   3.77972866135  2       0       2            2173    3002    0       4839    
 773   26521   1    1        0      0.330908203125   3.75518496874  9       0       5            1723    2351    2603    3544    
 782   26809   2    1        0      0.815405273438   3.71836942983  11      0       5            4623    6246    6820    8928    
 782   26809   2    1        1      0.815405273438   3.71836942983  9       0       5            4623    6246    6820    8928    
 808   27641   1    1        0      0.436047363281   3.73064127614  2       0       5            2297    2896    3108    3646    
 808   27641   1    1        0      1.01447753906    3.69382573723  11      0       0            6101    0       0       11585   
 815   27865   1    1        0      0.918566894531   3.74291312244  11      0       3            5373    0       7898    10284   
 855   29145   1    1        0      0.639074707031   3.84108789287  11      0       5            3489    4689    5179    6884    
 886   30137   1    1        0      0.471313476562   3.68155389093  11      0       2            2503    3373    0       4997    
 895   30425   2    1        0      1.01810302734    3.81654420026  11      0       5            6137    8216    9012    11903   
 895   30425   2    1        1      1.01810302734    3.81654420026  9       0       5            6137    8216    9012    11903   
 905   30745   1    1        0      1.04018554688    3.68155389093  2       0       2            6313    8406    0       11514   
 915   31065   1    1        0      0.208959960938   3.87790343177  11      0       5            1069    1408    1540    1976    
 927   31449   1    1        0      0.882641601563   3.77972866135  11      0       2            5114    6864    0       9944    
 958   32441   1    1        0      0.467358398438   3.75518496874  11      0       5            2481    3293    3627    4750    
 969   32793   1    1        0      0.0520751953125  3.90244712438  11      0       4            0       359     412     552     
 986   33337   1    1        0      0.0678955078125  3.80427235396  11      0       5            347     439     492     552     
 990   33465   1    1        0      0.592602539063   3.77972866135  7       0       5            3209    4210    4543    5737    
 1008  34041   1    1        0      0.334533691406   3.80427235396  9       0       5            1731    2351    2629    3578    
 1014  34233   1    1        0      0.8068359375     3.71836942983  11      0       5            4579    6173    6731    9013    
 1039  35033   1    1        0      0.490100097656   3.81654420026  11      0       5            2613    3479    3839    4997    
 1050  35385   1    1        0      0.793981933594   3.69382573723  11      0       2            4489    5982    0       8520    
 1073  36121   1    1        0      0.0369140625     3.76745681505  11      0       4            0       253     280     314     
 1096  36857   1    1        0      0.645666503906   3.86563158547  11      0       5            3525    4689    5139    6748    
 1113  37401   1    1        0      0.926147460938   3.79200050765  11      0       5            5431    7290    8019    10599   
 1123  37721   1    1        0      0.486804199219   3.85335973917  11      0       5            2583    3439    3812    5068    
 1148  38521   1    1        0      0.0810791015625  3.82881604656  11      0       5            413     545     598     790     
 1164  39033   1    1        0      0.932739257812   3.70609758353  11      0       5            5475    7319    7989    10352   
 1169  39193   1    1        0      0.741906738281   3.80427235396  7       0       5            4144    5453    5908    7458    
 1178  39481   1    1        0      0.403747558594   3.79200050765  11      0       5            2114    2816    3108    4088    
 1179  39513   1    1        0      0.411657714844   3.80427235396  11      0       5            2173    2896    3187    4190    
 1207  40409   2    1        0      0.993383789063   3.90244712438  11      0       5            5939    7913    8648    11305   
 1207  40409   2    1        1      0.993383789063   3.90244712438  9       0       5            5939    7913    8648    11305   
 1211  40537   1    1        0      0.525366210938   3.75518496874  9       0       5            2813    3706    4024    5103    
 1243  41561   1    1        0      0.984155273438   3.80427235396  7       0       3            5866    0       8413    10775   
 1244  41593   1    1        0      0.521411132813   3.69382573723  2       0       2            2780    3812    0       5949    
 1252  41849   1    1        0      0.68818359375    3.86563158547  11      0       5            3797    5060    5585    7424    
 1262  42169   1    1        0      0.73037109375    3.68155389093  11      0       2            4071    5438    0       7883    
 1270  42425   1    1        0      0.217199707031   3.70609758353  11      0       5            1127    1461    1593    2010    
 1272  42489   1    1        0      0.411987304688   3.84108789287  11      0       5            2158    2869    3161    4156    
 1276  42617   1    1        0      0.551403808594   3.75518496874  11      0       5            2967    3958    4342    5560    
 1303  43481   1    1        0      0.599853515625   3.79200050765  11      0       4            0       4382    4795    6272    
 1303  43481   1    1        0      0.801232910156   3.91471897068  11      0       5            4545    6070    6643    8894    
 1311  43737   1    1        0      0.78310546875    3.82881604656  11      0       2            4423    5894    0       8554    
 1329  44313   1    1        0      0.717517089844   3.81654420026  11      0       5            3994    5306    5805    7560    
 1336  44537   1    1        0      0.803869628906   3.81654420026  11      0       5            4556    6129    6746    9013    
 1342  44729   1    1        0      0.83583984375    3.82881604656  11      0       5            4777    6408    6996    9251    
 1358  45241   1    1        0      0.175012207031   3.69382573723  11      0       5            893     1169    1275    1636    
 1391  46297   1    1        0      0.449560546875   3.84108789287  11      0       5            2382    3214    3587    4821    
 1405  46745   1    1        0      0.584692382813   3.90244712438  11      0       5            3165    4236    4649    6090    
 1416  47097   1    1        0      0.964379882813   3.76745681505  2       0       3            5717    0       8694    12168   
 1445  48025   1    1        0      0.259387207031   3.74291312244  11      0       5            1341    1792    1993    2664    
 1458  48441   1    1        0      0.431762695312   3.91471897068  11      0       5            2283    3028    3346    4377    
 1470  48825   1    1        0      0.80947265625    3.76745681505  11      0       5            4601    6129    6673    8724    
 1481  49177   1    1        0      0.573815917969   3.69382573723  7       0       5            3084    4091    4463    5631    
 1484  49273   1    1        0      0.536242675781   3.93926266329  7       0       0            2879    0       0       5245    
 1489  49433   1    1        0      0.132824707031   3.82881604656  2       0       2            677     942     0       892     
 1497  49689   1    1        0      0.648962402344   3.86563158547  11      0       5            3555    4728    5205    6867    
 1501  49817   1    1        0      1.04875488281    3.81654420026  11      0       5            6387    8482    9348    12009   
 1525  50585   1    1        0      0.958447265625   3.81654420026  11      0       5            5659    7584    8322    10969   
 1547  51289   1    1        0      0.293334960938   3.71836942983  11      0       5            1533    2033    2192    2834    
 1552  51449   1    1        0      0.208959960938   3.75518496874  11      0       3            1083    0       1620    2180    
 1566  51897   1    1        0      0.281140136719   3.76745681505  11      0       5            1456    1953    2139    2868    
 1572  52089   1    1        0      0.459448242188   3.74291312244  11      0       5            2429    3214    3505    4574    
 1596  52857   1    1        0      0.383972167969   3.69382573723  11      0       2            2004    2690    0       3986    
 1631  53977   1    1        0      0.720483398438   3.71836942983  9       0       5            4005    5438    5997    8053    
 1640  54265   1    1        0      0.293005371094   3.80427235396  11      0       5            1518    2033    2245    2936    
 1642  54329   1    1        0      0.318054199219   3.68155389093  11      0       2            1657    2192    0       3072    
 1656  54777   1    1        0      0.870776367188   3.77972866135  11      0       5            5026    6717    7349    9604    
 1692  55929   1    1        0      0.276525878906   3.73064127614  11      0       5            1430    1900    2086    2749    
 1707  56409   1    1        0      0.600183105469   3.76745681505  11      0       5            3245    4303    4675    5984    
 1733  57241   1    1        0      0.268286132813   3.79200050765  11      0       5            1379    1874    2073    2800    
 1744  57593   1    1        0      0.528991699219   3.85335973917  11      0       5            2835    3786    4157    5490    
 1748  57721   1    1        0      0.678295898438   3.90244712438  11      0       5            3731    4914    5394    7020    
 1756  57977   1    1        0      0.443627929688   3.71836942983  11      0       5            2327    3134    3452    4609    
 1788  59001   1    1        0      0.933728027344   3.75518496874  11      0       0            5494    0       0       10793   
 1797  59289   1    1        0      0.889892578125   3.87790343177  11      0       2            5165    6923    0       9995    
 1807  59609   1    1        0      0.170727539063   3.80427235396  11      0       5            871     1183    1302    1772    
 1820  60025   1    1        0      0.0942626953125  3.86563158547  11      0       5            493     677     730     960     
 1860  61305   1    1        0      0.420227050781   3.79200050765  11      0       5            2209    2975    3267    4292    
 1862  61369   1    1        0      0.355627441406   3.89017527808  9       0       5            1841    2444    2616    3310    
 1872  61689   1    1        0      0.9228515625     3.82881604656  11      0       5            5409    7261    7974    10599   
 1882  62009   1    1        0      0.793981933594   3.69382573723  11      0       2            4489    5982    0       8520    
 1884  62073   1    1        0      0.919226074219   3.81654420026  11      0       2            5380    7231    0       10352   
 1887  62169   1    1        0      0.502294921875   3.85335973917  11      0       5            2670    3587    3945    5139    
 1902  62649   1    1        0      0.204675292969   3.91471897068  11      0       5            1047    1421    1567    2112    
 1914  63033   1    1        0      0.474609375      3.90244712438  11      0       5            2525    3373    3706    4856    
 1926  63417   1    1        0      0.701696777344   3.76745681505  11      0       5            3885    5152    5629    7288    
 1953  64281   1    1        0      0.827600097656   3.74291312244  11      0       5            4725    6320    6908    9183    
 1964  64633   1    1        0      0.764318847656   3.77972866135  9       0       5            4276    5688    6158    7900    
 1971  64857   1    1        0      0.942626953125   3.86563158547  11      0       5            5556    7393    8140    10488   
 1989  65433   1    1        0      0.641711425781   3.82881604656  11      0       5            3511    4689    5166    6782    
 2003  65881   1    1        0      0.183581542969   3.75518496874  11      0       5            944     1275    1408    1874    
 2014  66233   1    1        0      0.467028808594   3.86563158547  7       0       5            2459    3214    3505    4394    
 2026  66617   1    1        0      0.0599853515625  3.74291312244  11      0       4            0       412     439     586     
 2063  67801   1    1        0      0.844738769531   3.74291312244  11      0       3            4843    0       7084    9319    
 2065  67865   1    1        0      0.213244628906   3.73064127614  11      0       5            1113    1487    1646    2112    
 2099  68953   1    1        0      0.162158203125   3.68155389093  11      0       2            827     1130    0       1738    
 2117  69529   1    1        0      0.0896484375     3.75518496874  11      0       5            457     624     704     960     
 2121  69657   1    1        0      0.760693359375   3.76745681505  11      0       5            4269    5703    6232    8121    
 2122  69689   1    1        0      0.0985473632813  3.81654420026  11      0       5            508     651     704     858     
 2158  70841   1    1        0      0.694775390625   3.85335973917  11      0       5            3830    5113    5614    7322    
 2164  71033   1    1        0      0.806176757813   3.89017527808  11      0       5            4579    6099    6687    8758    
 2166  71097   1    1        0      0.702026367188   3.81654420026  11      0       5            3888    5179    5703    7509    
 2198  72121   1    1        0      0.562609863281   3.74291312244  11      0       5            3033    4064    4450    5931    
 2210  72505   1    1        0      0.107116699219   3.80427235396  11      0       5            567     783     889     1230    
 2246  73657   1    1        0      0.521740722656   3.71836942983  7       0       5            2791    3680    4024    4997    
 2274  74553   1    1        0      0.305859375      3.85335973917  11      0       5            1584    2086    2271    2936    
 2302  75449   1    1        0      0.204675292969   3.75518496874  9       0       5            1047    1328    1434    1772    
 2314  75833   1    1        0      0.367492675781   3.79200050765  11      0       2            1929    2576    0       3578    
 2362  77369   1    1        0      0.371447753906   3.81654420026  2       0       5            1943    2737    3108    4574    
 2386  78137   1    1        0      0.604797363281   3.91471897068  11      0       4            0       4397    4848    6425    
 2416  79097   1    1        0      0.563269042969   3.87790343177  11      0       5            3033    4091    4477    5878    
 2421  79257   1    1        0      0.784753417969   3.76745681505  11      0       5            4423    5894    6423    8342    
 2449  80153   1    1        0      0.595568847656   3.89017527808  11      0       5            3231    4316    4702    6160    
 2450  80185   2    1        0      1.02370605469    3.80427235396  11      0       5            6167    8292    9058    11991   
 2450  80185   2    1        1      1.02370605469    3.80427235396  9       0       5            6167    8292    9058    11991   
 2504  81913   1    1        0      0.115686035156   3.68155389093  11      0       2            589     810     0       1228    
 2506  81977   1    1        0      0.196105957031   3.77972866135  11      0       5            1017    1355    1461    1908    
 2511  82137   1    1        0      0.678295898438   3.76745681505  11      0       5            3738    4980    5482    7190    
 2523  82521   1    1        0      0.731689453125   3.77972866135  9       0       5            4078    5453    5923    7560    
 2536  82937   2    1        0      0.663134765625   3.86563158547  11      0       5            3643    4901    5409    7258    
 2536  82937   2    1        1      0.663134765625   3.86563158547  9       0       5            3643    4901    5409    7258    
 2541  83097   1    1        0      0.0444946289062  3.82881604656  11      0       4            0       306     333     382     
 2560  83705   1    1        0      0.246862792969   3.76745681505  11      0       5            1274    1726    1927    2596    
 2601  85017   1    1        0      0.82265625       3.71836942983  2       0       5            4689    6173    6673    8342    
 2610  85305   1    1        0      0.904724121094   3.85335973917  11      0       5            5277    7055    7777    10131   
 2618  85561   1    1        0      0.213244628906   3.80427235396  11      0       1            1098    1514    1646    0       
 2632  86009   1    1        0      0.149304199219   3.85335973917  11      0       5            761     1037    1143    1568    
 2635  86105   1    1        0      0.913623046875   3.91471897068  11      0       5            5329    7084    7777    10114   
 2651  86617   1    1        0      0.293664550781   3.80427235396  11      0       5            1533    2059    2258    2970    
 2687  87769   1    1        0      0.166442871094   3.84108789287  11      0       5            849     1116    1196    1534    
 2689  87833   1    1        0      0.301574707031   3.79200050765  11      0       5            1555    2059    2245    2902    
 2712  88569   1    1        0      0.0253784179688  3.71836942983  2       0       4            0       187     293     790     
 2729  89113   1    1        0      0.871435546875   3.82881604656  11      0       5            5033    6761    7319    9553    
 2730  89145   1    1        0      0.771569824219   3.73064127614  11      0       5            4342    5805    6393    8537    
 2741  89497   1    1        0      0.479553222656   3.75518496874  11      0       4            0       3413    3733    4786    
 2783  90841   1    1        0      0.642700195312   3.70609758353  11      0       5            3511    4649    5126    6765    
 2796  91257   1    1        0      0.943286132813   3.86563158547  11      0       5            5563    7481    8231    10934   
 2805  91545   1    1        0      0.238623046875   3.77972866135  9       0       5            1234    1646    1805    2494    
 2820  92025   1    1        0      0.674011230469   3.77972866135  11      0       5            3709    4927    5423    7207    
 2840  92665   1    1        0      0.5958984375     3.85335973917  11      0       5            3231    4329    4742    6160    
 2846  92857   1    1        0      0.72509765625    3.91471897068  11      0       5            4049    5438    5967    7934    
 2849  92953   1    1        0      0.0520751953125  3.74291312244  11      0       4            0       359     386     535     
 2849  92953   1    1        0      0.974267578125   3.69382573723  11      0       2            5791    7762    0       11358   
 2850  92985   1    1        0      0.396166992188   3.73064127614  11      0       5            2077    2763    3028    3952    
 2851  93017   1    1        0      0.392211914062   3.74291312244  2       0       3            2055    0       2843    3476    
 2855  93145   1    1        0      0.0939331054688  3.69382573723  11      0       5            486     677     757     1028    
 2879  93913   1    1        0      0.860888671875   3.75518496874  11      0       5            4960    6702    7334    9757    
 2887  94169   1    1        0      0.208959960938   3.68155389093  11      0       2            1069    1408    0       2010    
 2897  94489   1    1        0      0.670715332031   3.79200050765  2       0       5            3687    4901    5409    6765    
 2899  94553   1    1        0      0.0985473632813  3.77972866135  11      0       5            508     677     730     926     
 2923  95321   1    1        0      0.111401367188   3.79200050765  11      0       5            567     757     836     1062    
 2937  95769   1    1        0      0.768603515625   3.70609758353  11      0       5            4327    5805    6349    8452    
 2946  96057   1    1        0      0.359582519531   3.79200050765  11      0       5            1870    2457    2669    3408    
 2955  96345   1    1        0      0.449560546875   3.84108789287  11      0       5            2382    3214    3587    4821    
 2982  97209   1    1        0      0.777502441406   3.77972866135  11      0       2            4379    5894    0       8673    
 2985  97305   1    1        0      0.974926757813   3.85335973917  11      0       5            5806    7792    8482    11163   
 2990  97465   1    1        0      0.293334960938   3.85335973917  2       0       1            1518    1874    1980    0       
 2995  97625   1    1        0      0.280810546875   3.84108789287  7       0       5            1467    1927    2059    2528    
 2997  97689   1    1        0      0.0810791015625  3.89017527808  11      0       5            413     571     624     824     
 3008  98041   1    1        0      0.94921875       3.82881604656  11      0       5            5593    7496    8292    11022   
 3015  98265   1    1        0      0.276525878906   3.90244712438  11      0       5            1423    1927    2139    2834    
 3021  98457   1    1        0      0.684558105469   3.71836942983  11      0       5            3775    5020    5526    7288    
 3026  98617   1    1        0      0.642700195312   3.80427235396  11      0       5            3511    4662    5126    6867    
 3035  98905   1    1        0      1.04710693359    3.91471897068  11      0       5            6372    8467    9348    12079   
 3036  98937   1    1        0      0.966357421875   3.69382573723  11      0       2            5747    7643    0       10934   
 3049  99353   1    1        0      0.517456054688   3.85335973917  11      0       1            2769    3680    4051    0       
 3053  99481   1    1        0      0.604797363281   3.74291312244  11      0       4            0       4397    4834    6442    
 3059  99673   1    1        0      0.309814453125   3.75518496874  9       0       5            1606    2112    2271    2868    
 3059  99673   1    1        0      0.330908203125   3.86563158547  11      0       5            1723    2271    2483    3208    
 3072  100089  1    1        0      0.439672851563   3.71836942983  11      0       5            2305    3121    3452    4627    
 3076  100217  1    1        0      0.543823242188   3.71836942983  7       0       5            2923    3865    4210    5315    
 3091  100697  1    1        0      0.399792480469   3.89017527808  9       0       5            2096    2737    3002    3816    
 3122  101689  1    1        0      0.581066894531   3.81654420026  11      0       5            3143    4197    4556    5913    
 3137  102169  1    1        0      0.482189941406   3.90244712438  11      0       5            2561    3399    3733    4839    
 3140  102265  2    1        0      1.00458984375    3.87790343177  11      0       5            6027    8019    8785    11444   
 3140  102265  2    1        1      1.00458984375    3.87790343177  9       0       5            6027    8019    8785    11444   
 3156  102777  1    1        0      0.0520751953125  3.81654420026  11      0       4            0       359     386     586     
 3162  102969  1    1        0      0.531958007813   3.82881604656  11      0       4            0       3839    4183    5350    
 3235  105305  1    1        0      0.995690917969   3.80427235396  11      0       2            5961    7958    0       11673   
 3258  106041  1    1        0      0.301574707031   3.73064127614  11      0       5            1555    2059    2258    3004    
 3274  106553  1    1        0      0.910327148438   3.86563158547  11      0       5            5321    7084    7746    9978    
 3278  106681  1    1        0      0.760363769531   3.71836942983  11      0       5            4269    5703    6232    8155    
 3279  106713  1    1        0      0.204675292969   3.87790343177  11      0       5            1047    1381    1514    1993    
 3309  107673  1    1        0      0.764978027344   3.70609758353  11      0       3            4291    0       6188    7968    
 3329  108313  1    1        0      0.660498046875   3.70609758353  11      0       5            3621    4821    5306    6952    
 3347  108889  1    1        0      0.523388671875   3.91471897068  9       0       4            0       3759    4170    5596    
 3399  110553  1    1        0      0.787719726562   3.79200050765  2       0       5            4445    5879    6364    8002    
 3413  111001  1    1        0      0.566235351563   3.71836942983  11      0       5            3047    4077    4437    5807    
 3457  112409  1    1        0      0.170727539063   3.90244712438  11      0       5            878     1196    1328    1772    
 3464  112633  1    1        0      0.987451171875   3.76745681505  11      0       5            5895    7837    8588    11181   
 3520  114425  2    1        0      0.998986816406   3.82881604656  11      0       5            5983    8049    8845    11779   
 3520  114425  2    1        1      0.998986816406   3.82881604656  9       0       5            5983    8049    8845    11779   
 3521  114457  1    1        0      0.0896484375     3.70609758353  11      0       5            457     598     677     926     
 3557  115609  1    1        0      0.392211914062   3.79200050765  11      0       5            2063    2737    3015    3986    
 3557  115609  1    1        0      0.6908203125     3.89017527808  11      0       5            3819    5033    5511    7156    
 3558  115641  1    1        0      0.551403808594   3.79200050765  11      0       5            2967    3918    4289    5490    
 3572  116089  1    1        0      0.521081542969   3.80427235396  11      0       5            2783    3746    4130    5384    
 3580  116345  1    1        0      0.882312011719   3.69382573723  11      0       5            5107    6820    7437    9706    
 3581  116377  1    1        0      0.817053222656   3.70609758353  11      0       2            4659    6217    0       8979    
 3598  116921  1    1        0      0.741906738281   3.84108789287  2       0       5            4151    5614    6202    8622    
 3620  117625  1    1        0      0.940649414063   3.73064127614  11      0       2            5541    7452    0       10899   
 3632  118009  1    1        0      0.864514160156   3.79200050765  9       0       5            4975    6717    7364    9927    
 3642  118329  1    1        0      0.149304199219   3.68155389093  11      0       2            768     1063    0       1653    
 3645  118425  1    1        0      0.391552734375   3.90244712438  7       0       5            2055    2777    3081    4241    
 3670  119225  1    1        0      0.509875488281   3.89017527808  11      0       5            2725    3640    3971    5174    
 3684  119673  1    1        0      0.523388671875   3.91471897068  9       0       4            0       3759    4170    5596    
 3695  120025  1    1        0      0.305859375      3.75518496874  11      0       5            1584    2112    2324    3004    
 3730  121145  1    1        0      0.552062988281   3.79200050765  9       0       5            2967    4024    4384    5596    
 3744  121593  1    1        0      0.149304199219   3.86563158547  11      0       5            761     1010    1116    1483    
 3766  122297  1    1        0      0.642370605469   3.84108789287  11      0       5            3500    4662    5139    6816    
 3777  122649  1    1        0      0.763989257813   3.81654420026  9       0       5            4276    5791    6364    8571    
 3777  122649  1    1        0      0.921862792969   3.68155389093  11      0       2            5417    7261    0       10522   
 3803  123481  1    1        0      0.268286132813   3.86563158547  11      0       5            1379    1805    1980    2528    
 3818  123961  1    1        0      0.829907226563   3.70609758353  11      0       5            4733    6320    6878    9115    
 3827  124249  1    1        0      0.720153808594   3.77972866135  11      0       5            4005    5350    5850    7696    
 3840  124665  1    1        0      0.49833984375    3.75518496874  11      0       5            2659    3574    3918    5245    
 3842  124729  1    1        0      0.415942382813   3.73064127614  11      0       5            2187    2896    3187    4156    
 3898  126521  1    1        0      0.757727050781   3.84108789287  11      0       5            4247    5703    6232    8257    
 3904  126713  1    1        0      0.0810791015625  3.89017527808  11      0       5            427     545     598     756     
 3906  126777  1    1        0      0.02900390625    3.74291312244  11      0       4            0       200     227     297     
 3918  127161  1    1        0      0.072509765625   3.76745681505  11      0       5            376     545     598     858     
 3926  127417  1    1        0      0.314099121094   3.73064127614  11      0       5            1635    2192    2404    3123    
 3931  127577  1    1        0      0.695104980469   3.90244712438  11      0       5            3841    5046    5541    7258    
 3932  127609  1    1        0      0.486474609375   3.71836942983  7       0       5            2591    3373    3680    4574    
 3933  127641  1    1        0      0.593591308594   3.84108789287  11      0       5            3220    4342    4742    6425    
 3942  127929  1    1        0      0.178967285156   3.89017527808  11      0       5            929     1275    1408    1942    
 3950  128185  1    1        0      0.351013183594   3.76745681505  11      0       5            1826    2404    2642    3344    
 3963  128601  1    1        0      0.723449707031   3.91471897068  11      0       1            4027    5379    5908    0       
 3973  128921  1    1        0      0.424182128906   3.71836942983  11      0       5            2239    2949    3240    4258    
 3979  129113  1    1        0      0.943286132813   3.82881604656  11      0       5            5556    7437    8201    10595   
 3986  129337  1    1        0      0.657202148438   3.79200050765  11      0       5            3599    4768    5205    6782    
 3989  129433  1    1        0      0.115686035156   3.87790343177  9       0       5            589     730     783     892     
 3990  129465  1    1        0      0.942626953125   3.74291312244  2       0       0            5556    0       0       9944    
 4019  130393  1    1        0      0.363537597656   3.86563158547  11      0       5            1892    2510    2737    3544    
 4047  131289  1    1        0      0.119970703125   3.91471897068  11      0       5            618     836     942     1245    
 4059  131673  1    1        0      0.213244628906   3.86563158547  11      0       5            1091    1434    1567    2044    
 4062  131769  1    1        0      0.208959960938   3.69382573723  11      0       5            1069    1408    1540    1976    
 4072  132089  1    1        0      1.00491943359    3.73064127614  2       0       5            6035    7958    8633    10952   
 4073  132121  1    1        0      0.584692382813   3.90244712438  11      0       5            3165    4250    4636    6055    
 4089  132633  1    1        0      0.981188964844   3.70609758353  2       0       5            5851    7643    8337    10522   