 BCID  ToA     nTC  TC_sent  TC_id  Eta              Phi            pT_thr  Charge  Coincidence  z_RPC0  z_RPC1  z_RPC2  z_RPC3  event  
 6     2336    1    1        0      0.985965907574   850.28527832   20      0       3            5888    0       8558    11199   17614  
 24    2912    1    1        0      0.396118313074   673.146972656  20      0       5            2077    2724    2975    3816    12777  
 25    2944    1    1        0      0.0639600604773  669.380981445  20      0       4            0       439     465     620     4195   
 91    5056    1    1        0      0.734963238239   815.762939453  20      0       5            4100    5467    5967    7781    634    
 103   5440    1    1        0      0.987067162991   897.71673584   20      1       2            5895    7898    0       11462   17426  
 140   6624    1    1        0      0.0523956492543  835.48260498   20      0       4            0       359     386     518     20309  
 147   6848    1    1        0      0.551397562027   909.713806152  20      1       5            2967    3958    4356    5737    13619  
 150   6944    1    1        0      0.811231315136   781.058776855  20      1       5            4608    6173    6761    8996    1300   
 160   7264    1    1        0      0.209091708064   559.586303711  20      1       2            1076    1434    0       2112    1424   
 160   7264    1    1        0      0.827662050724   750.67578125   20      1       5            4711    6291    6893    9183    2118   
 162   7328    1    1        0      0.680396854877   589.295288086  20      1       5            3731    4980    5482    7290    19928  
 165   7424    1    1        0      0.204862445593   969.680969238  20      0       5            1047    1395    1540    2010    3267   
 168   7520    1    1        0      0.70182621479    924.149291992  20      0       5            3877    5166    5703    7458    9109   
 212   8928    1    1        0      1.01505756378    990.672485352  20      0       5            6108    8171    8876    11620   6664   
 241   9856    1    1        0      0.928004980087   1002.91656494  20      1       5            5417    7319    8019    10652   24577  
 251   10176   1    1        0      0.783964633942   850.300048828  20      0       5            4423    5894    6423    8486    13849  
 254   10272   1    1        0      0.574326872826   931.762329102  20      0       5            3099    4157    4530    5913    12701  
 289   11392   1    1        0      0.40834864974    854.693725586  20      1       5            2143    2843    3134    4190    22444  
 303   11840   1    1        0      0.798082411289   965.695800781  20      1       5            4489    6114    6673    8979    4676   
 321   12416   1    1        0      0.790381550789   956.97869873   20      0       2            4467    5923    0       8452    21179  
 343   13120   1    1        0      0.845956861973   893.416503906  20      0       2            4850    6423    0       9166    8993   
 362   13728   1    1        0      0.528975784779   957.000976562  20      0       5            2835    3786    4157    5419    11806  
 371   14016   1    1        0      0.46687707305    703.304870605  20      0       5            2466    3280    3627    4715    14891  
 380   14304   1    1        0      0.346986293793   755.070983887  20      0       5            1797    2377    2616    3378    14007  
 388   14560   1    1        0      0.706298291683   838.421691895  20      1       5            3913    5291    5791    7713    8384   
 394   14752   1    1        0      1.051841259      807.114929199  20      0       3            6409    0       9334    12079   5673   
 396   14816   1    1        0      0.757625997066   660.384277344  20      0       5            4247    5644    6158    8053    3623   
 399   14912   1    1        0      0.824256002903   613.485717773  20      1       5            4703    6320    6923    9251    2149   
 406   15136   1    1        0      0.973434329033   643.035095215  20      1       2            5783    7746    0       11340   3280   
 417   15488   1    1        0      0.175113320351   871.905395508  20      1       5            907     1209    1342    1789    13888  
 478   17440   1    1        0      0.954605519772   576.106872559  20      1       1            5644    7599    8383    0       17302  
 491   17856   1    1        0      0.635531723499   758.560852051  20      1       4            0       4649    5099    6833    9317   
 521   18816   1    1        0      0.0523956492543  750.91229248   20      0       4            0       359     386     484     3679   
 540   19424   1    1        0      0.08562245965    755.058105469  20      0       5            442     598     651     824     1348   
 564   20192   1    1        0      0.804353117943   789.737548828  20      1       5            4556    6129    6702    8928    1134   
 583   20800   1    1        0      0.120075374842   677.471740723  20      1       5            611     836     942     1296    7942   
 597   21248   1    1        0      0.723257422447   763.696350098  20      1       5            4027    5438    5967    7951    3189   
 601   21376   1    1        0      0.347111403942   961.3125       20      0       5            1804    2404    2616    3410    12200  
 604   21472   1    1        0      0.379585117102   927.487548828  20      0       5            1981    2616    2843    3714    22811  
 606   21536   1    1        0      0.162287503481   965.543212891  20      0       5            834     1090    1169    1432    17570  
 613   21760   1    1        0      0.803681790829   1019.60479736  20      1       2            4557    6114    0       8877    2171   
 632   22368   1    1        0      0.858280003071   1011.30340576  20      0       2            4942    6599    0       9519    19544  
 635   22464   1    1        0      0.506538927555   931.041442871  20      0       5            2695    3600    3971    5209    19091  
 644   22752   1    1        0      0.123794294894   596.975341797  20      1       5            644     863     969     1296    21463  
 658   23200   1    1        0      0.860602855682   824.361633301  20      0       5            4953    6584    7217    9455    715    
 681   23936   1    1        0      0.297484785318   871.830993652  20      1       5            1547    2073    2298    3038    4867   
 695   24384   1    1        0      0.162216052413   889.047363281  20      1       5            841     1116    1222    1636    7829   
 697   24448   1    1        0      0.459627062082   724.76763916   20      0       1            2426    3187    3479    0       13170  
 723   25280   1    1        0      0.540473163128   973.835083008  20      1       5            2901    3892    4276    5631    21086  
 752   26208   1    1        0      0.0253058969975  924.475341797  20      1       4            0       174     200     280     13018  
 788   27360   1    1        0      0.107158653438   660.36907959   20      1       5            552     783     863     1181    2714   
 791   27456   1    1        0      0.832563459873   867.535522461  20      0       5            4755    6364    6952    9217    16582  
 794   27552   1    1        0      0.770443201065   1002.76019287  20      1       5            4335    5835    6408    8639    3936   
 833   28800   1    1        0      0.81117773056    737.704956055  20      0       5            4608    6144    6731    8809    24712  
 840   29024   1    1        0      1.00686144829    824.425720215  20      1       3            6049    0       8861    11762   11251  
 855   29504   1    1        0      1.03883755207    763.730407715  20      0       3            6306    0       9291    12132   4658   
 861   29696   1    1        0      0.592104434967   555.685668945  20      0       2            3209    4276    0       6019    3657   
 867   29888   1    1        0      0.829482316971   948.601013184  20      0       5            4747    6320    6908    9030    11701  
 904   31072   1    1        0      0.0330004878342  696.440063477  20      0       4            0       227     227     212     17159  
 925   31744   1    1        0      0.942926585674   703.223999023  20      1       2            5556    7452    0       10863   4215   
 946   32416   1    1        0      0.993736624718   703.049865723  20      0       5            5939    7913    8618    11287   2146   
 955   32704   1    1        0      0.811427891254   559.277770996  20      0       5            4615    6173    6731    8826    3223   
 990   33824   1    1        0      0.0726412683725  863.265441895  20      1       5            383     545     624     926     12041  
 993   33920   1    1        0      0.212237969041   1011.27172852  20      0       2            1091    1448    0       2044    4018   
 1018  34720   1    1        0      0.115836940706   571.885009766  20      1       5            603     863     942     1296    15548  
 1019  34752   1    1        0      0.859157979488   542.78704834   20      1       2            4945    6687    0       9638    17453  
 1049  35712   1    1        0      0.544961631298   772.377746582  20      0       5            2923    3865    4210    5437    18465  
 1087  36928   1    1        0      0.778561770916   824.443725586  20      1       2            4393    5894    0       8622    23077  
 1125  38144   1    1        0      0.251379013062   656.052185059  20      1       5            1311    1752    1953    2562    7432   
 1143  38720   1    1        0      1.02282989025    588.586669922  20      0       5            6174    8246    8982    11691   7473   
 1148  38880   1    1        0      0.18793746829    703.184387207  20      0       5            973     1275    1381    1789    17210  
 1169  39552   1    1        0      0.238710045815   1007.10961914  20      1       5            1234    1673    1874    2562    16208  
 1177  39808   1    1        0      0.23438154161    837.345397949  20      1       2            1215    1620    0       2358    23790  
 1201  40576   1    1        0      0.834954738617   871.994384766  20      1       5            4777    6423    7040    9455    18405  
 1217  41088   1    1        0      0.591918706894   1015.63189697  20      1       2            3187    4316    0       6340    10124  
 1220  41184   1    1        0      0.29347845912    681.74017334   20      1       5            1522    2033    2245    2953    19654  
 1235  41664   1    1        0      0.400434017181   871.961914062  20      1       5            2107    2830    3121    4122    2555   
 1236  41696   1    1        0      1.0365036726     918.962036133  20      0       5            6284    8383    9206    11956   12219  
 1251  42176   1    1        0      0.486982226372   605.213806152  20      1       5            2591    3466    3839    5050    9300   
 1256  42336   1    1        0      0.475600302219   974.071655273  20      1       5            2525    3373    3759    4962    23539  
 1256  42336   1    1        0      0.60327911377    768.071960449  20      1       5            3253    4369    4781    6408    3811   
 1276  42976   1    1        0      0.334823489189   820.067199707  20      1       5            1731    2324    2563    3395    19321  
 1282  43168   1    1        0      0.255522936583   639.069580078  20      1       5            1318    1752    1927    2596    15182  
 1283  43200   1    1        0      0.230216473341   681.758239746  20      1       5            1193    1593    1779    2358    4898   
 1284  43232   1    1        0      0.280862718821   724.816650391  20      0       5            1452    1927    2112    2732    5758   
 1309  44032   1    1        0      0.297681301832   609.484863281  20      1       5            1547    2086    2298    3072    423    
 1316  44256   1    1        0      0.451541513205   626.408630371  20      1       5            2385    3201    3505    4733    1318   
 1330  44704   1    1        0      0.306034713984   729.08581543   20      0       5            1591    2112    2324    3038    1389   
 1331  44736   1    1        0      0.806440889835   742.13293457   20      1       1            4579    6144    6761    0       24053  
 1339  44992   1    1        0      0.803393721581   850.291381836  20      1       5            4556    6114    6717    8945    19448  
 1357  45568   1    1        0      0.162196338177   639.104370117  20      1       5            827     1116    1222    1636    13732  
 1376  46176   1    1        0      0.951602816582   910.433837891  20      1       2            5622    7525    0       10969   2299   
 1385  46464   1    1        0      0.611490607262   680.346496582  20      1       4            0       4437    4901    6578    8389   
 1402  47008   1    1        0      0.33501124382    994.83770752   20      1       5            1745    2351    2589    3476    12176  
 1430  47904   1    1        0      0.102867156267   559.575378418  20      0       5            537     704     757     926     7195   
 1440  48224   1    1        0      0.78528624773    759.354309082  20      1       5            4437    5997    6584    8826    24794  
 1442  48288   1    1        0      0.67391782999    799.377563477  20      0       5            3709    4927    5409    7088    1228   
 1467  49088   1    1        0      0.864488303661   927.531616211  20      1       3            4989    0       7349    9706    18945  
 1487  49728   1    1        0      0.318499594927   601.295837402  20      0       5            1657    2205    2404    3072    21769  
 1513  50560   1    1        0      0.145087972283   686.034484863  20      0       5            739     984     1063    1364    7991   
 1516  50656   1    1        0      0.187925174832   622.077819824  20      0       5            959     1275    1381    1738    21622  
 1517  50688   1    1        0      0.506833732128   953.045776367  20      1       5            2703    3667    4064    5454    9723   
 1552  51808   1    1        0      0.428139597178   876.214660645  20      0       5            2250    2975    3240    4156    15455  
 1567  52288   1    1        0      0.209155350924   927.517089844  20      1       5            1083    1461    1620    2180    577    
 1569  52352   1    1        0      0.768297970295   867.638000488  20      1       5            4320    5791    6349    8435    2625   
 1593  53120   1    1        0      0.486787289381   622.124389648  20      1       5            2583    3439    3812    5068    16940  
 1604  53472   1    1        0      0.975240945816   998.930053711  20      1       3            5814    0       8558    11426   10803  
 1653  55040   1    1        0      0.427771657705   768.05279541   20      0       5            2261    2949    3240    4156    12205  
 1668  55520   1    1        0      0.843569934368   690.153991699  20      0       5            4821    6408    6981    9098    19948  
 1676  55776   1    1        0      0.745017468929   880.561645508  20      0       5            4159    5570    6070    7934    18664  
 1677  55808   1    1        0      1.00492501259    927.764099121  20      0       1            6027    8034    8770    0       24498  
 1689  56192   1    1        0      0.780504286289   880.407958984  20      0       5            4401    5864    6423    8380    983    
 1700  56544   1    1        0      0.467575162649   978.156433105  20      0       5            2481    3293    3653    4768    7113   
 1702  56608   1    1        0      0.0899285078049  677.444519043  20      0       5            457     598     651     824     16017  
 1730  57504   1    1        0      0.259642779827   576.165039062  20      0       5            1340    1752    1900    2426    16817  
 1749  58112   1    1        0      0.375955730677   729.364196777  20      1       2            1951    2616    0       3918    13540  
 1763  58560   1    1        0      0.730866312981   673.18182373   20      1       5            4071    5467    5997    7934    8524   
 1765  58624   1    1        0      0.522180855274   609.304748535  20      0       5            2791    3706    4051    5280    14369  
 1770  58784   1    1        0      0.60431677103    824.44128418   20      0       5            3253    4356    4742    6125    16124  
 1782  59168   1    1        0      0.264582365751   571.725830078  20      1       5            1364    1874    2059    2766    6066   
 1805  59904   1    1        0      0.993622720242   703.062194824  20      0       5            5939    7898    8633    11252   18470  
 1836  60896   1    1        0      0.379859745502   720.41619873   20      1       5            1989    2642    2896    3833    10794  
 1837  60928   1    1        0      0.824508726597   724.681030273  20      0       5            4703    6320    6908    9081    13594  
 1848  61280   1    1        0      0.166596919298   940.279602051  20      1       5            856     1143    1275    1704    16511  
 1863  61760   1    1        0      1.01210212708    668.838989258  20      0       5            6093    8080    8785    11410   24678  
 1897  62848   1    1        0      0.48723629117    850.400146484  20      1       5            2580    3479    3892    5209    2283   
 1908  63200   1    1        0      0.0855903103948  776.730407715  20      1       5            457     624     704     960     23053  
 1925  63744   1    1        0      0.905697286129   850.456054688  20      0       3            5277    0       7777    10148   140    
 1926  63776   1    1        0      0.432697325945   973.84564209   20      0       4            0       3055    3346    4292    22324  
 1933  64000   1    1        0      0.314329832792   1003.06298828  20      0       5            1632    2139    2324    2970    21025  
 1980  65504   1    1        0      0.794556617737   571.800109863  20      0       2            4496    6026    0       8656    19124  
 1982  65568   1    1        0      0.904139876366   656.105834961  20      0       5            5263    7011    7628    9927    17826  
 1987  65728   1    1        0      0.40440261364    990.714599609  20      1       5            2121    2843    3134    4122    8936   
 1987  65728   1    1        0      0.917730152607   841.802368164  20      1       3            5365    0       7958    10488   1692   
 1989  65792   1    1        0      0.0682367756963  794.057189941  20      0       5            347     465     492     620     8010   
 1992  65888   1    1        0      0.343116134405   973.944030762  20      1       5            1797    2457    2697    3578    20803  
 2017  66688   1    1        0      0.346969783306   969.628601074  20      1       5            1819    2457    2684    3544    23832  
 2022  66848   1    1        0      0.635821044445   734.677429199  20      1       5            3478    4609    5099    6850    11956  
 2028  67040   1    1        0      0.21771299839    969.791137695  20      0       5            1127    1501    1646    2146    9156   
 2050  67744   1    1        0      0.386413067579   547.458251953  20      0       2            2019    2684    0       3918    5780   
 2065  68224   1    1        0      0.504587233067   990.344848633  20      1       5            2692    3600    3971    5280    11483  
 2070  68384   1    1        0      0.996136844158   820.116333008  20      0       5            5961    7989    8694    11375   12948  
 2125  70144   1    1        0      0.145154997706   720.442932129  20      1       5            750     1010    1116    1466    23942  
 2177  71808   1    1        0      0.310013383627   940.174316406  20      0       5            1599    2139    2351    3004    9192   
 2185  72064   1    1        0      0.326416254044   789.730895996  20      0       5            1694    2245    2457    3208    2515   
 2203  72640   1    1        0      0.934147238731   716.149353027  20      1       5            5483    7378    8140    10881   24583  
 2205  72704   1    1        0      0.652958631516   640.05480957   20      0       2            3577    4768    0       6850    16401  
 2254  74272   1    1        0      0.313979834318   798.39239502   20      0       5            1635    2165    2377    3038    19085  
 2270  74784   1    1        0      0.200640127063   738.005249023  20      0       5            1025    1355    1487    1908    18337  
 2275  74944   1    1        0      0.153726667166   746.81262207   20      1       5            797     1063    1196    1636    14449  
 2298  75680   1    1        0      0.510365843773   973.942810059  20      0       5            2725    3653    3998    5209    2602   
 2311  76096   1    1        0      0.326305925846   613.851379395  20      0       5            1687    2271    2483    3225    23005  
 2323  76480   1    1        0      0.123778738081   906.019836426  20      0       5            644     836     889     1130    18421  
 2333  76800   1    1        0      0.451577246189   798.399291992  20      1       5            2385    3214    3574    4786    14928  
 2351  77376   1    1        0      0.498421788216   755.079589844  20      1       5            2659    3505    3892    5174    3712   
 2353  77440   1    1        0      0.838169038296   720.374389648  20      1       2            4799    6496    0       9502    7674   
 2364  77792   1    1        0      0.741404235363   543.047424316  20      0       2            4137    5526    0       7849    19799  
 2375  78144   1    1        0      0.926449716091   846.111877441  20      0       2            5431    7261    0       10335   24361  
 2385  78464   1    1        0      0.673964977264   669.91015625   20      0       5            3709    4887    5364    6952    2228   
 2399  78912   1    1        0      0.667417168617   661.267211914  20      0       5            3665    4848    5335    7088    20562  
 2400  78944   1    1        0      0.226032346487   927.477050781  20      1       5            1171    1580    1779    2409    9084   
 2421  79616   1    1        0      0.595820128918   918.854492188  20      0       5            3231    4276    4675    6055    4258   
 2463  80960   1    1        0      0.471760749817   811.433410645  20      0       5            2495    3320    3653    4786    6045   
 2503  82240   1    1        0      0.518415391445   703.117919922  20      0       5            2761    3680    4051    5280    19724  
 2508  82400   1    1        0      0.0639600604773  684.824951172  20      1       4            0       439     492     671     4745   
 2573  84480   1    1        0      0.42804479599    677.432006836  20      1       5            2261    3028    3346    4539    5628   
 2583  84800   1    1        0      0.91335940361    720.462524414  20      1       2            5329    7172    0       10437   12334  
 2590  85024   1    1        0      0.804882228374   605.017028809  20      1       5            4556    6144    6731    8979    23304  
 2602  85408   1    1        0      0.888921976089   846.017211914  20      0       3            5159    0       7511    9740    21467  
 2684  88032   1    1        0      0.518337488174   694.516967773  20      0       5            2769    3733    4104    5349    14091  
 2686  88096   1    1        0      0.536658525467   733.440429688  20      0       5            2871    3839    4223    5560    21298  
 2699  88512   1    1        0      0.482404351234   802.717773438  20      1       5            2554    3426    3786    5050    11361  
 2722  89248   1    1        0      0.899280130863   617.68572998   20      0       5            5219    6967    7555    9825    12388  
 2744  89952   1    1        0      0.221824362874   998.847717285  20      0       5            1135    1514    1660    2112    16093  
 2748  90080   1    1        0      0.196301430464   927.438049316  20      1       1            1014    1381    1540    0       10294  
 2769  90752   1    1        0      0.251436978579   914.774230957  20      0       5            1296    1726    1900    2494    13838  
 2775  90944   1    1        0      0.559368729591   858.963928223  20      1       5            2996    4011    4384    5825    12999  
 2783  91200   1    1        0      0.0253874622285  563.200073242  20      0       4            0       174     200     212     970    
 2785  91264   1    1        0      0.657052397728   769.032592773  20      1       5            3599    4781    5291    7054    8168   
 2792  91488   1    1        0      0.330471783876   931.635742188  20      1       5            1716    2298    2536    3327    23697  
 2819  92352   1    1        0      0.330955207348   703.150817871  20      1       5            1723    2298    2536    3361    11755  
 2828  92640   1    1        0      0.111512966454   576.05871582   20      0       5            581     757     810     994     2447   
 2829  92672   1    1        0      0.804194092751   571.830322266  20      0       5            4556    6085    6643    8826    12493  
 2836  92896   1    1        0      0.494256526232   622.213012695  20      1       5            2629    3505    3892    5156    18804  
 2865  93824   1    1        0      0.942583620548   871.836181641  20      0       5            5556    7422    8140    10687   11322  
 2900  94944   1    1        0      1.04791224003    876.229980469  20      0       5            6372    8436    9320    12079   10193  
 2909  95232   1    1        0      0.111464157701   643.344421387  20      0       5            567     757     836     1096    14573  
 2935  96064   1    1        0      0.342939525843   833.039611816  20      0       5            1797    2404    2642    3442    1614   
 2957  96768   1    1        0      0.451366066933   772.403564453  20      1       5            2393    3227    3600    4839    19231  
 2999  98112   1    1        0      1.01887583733    781.0546875    20      0       1            6145    8231    9012    0       24214  
 3024  98912   1    1        0      0.975450634956   750.704162598  20      1       3            5806    0       8558    11409   21959  
 3031  99136   1    1        0      0.80077880621    685.990966797  20      0       5            4522    6041    6584    8622    13022  
 3047  99648   1    1        0      0.217467561364   798.394958496  20      1       2            1127    1514    0       2282    4931   
 3058  100000  1    1        0      0.29347500205    931.720153809  20      1       5            1518    2046    2285    3004    16531  
 3091  101056  1    1        0      0.737877130508   660.3125       20      1       5            4115    5497    6055    8087    1283   
 3165  103424  1    1        0      0.502106308937   935.841003418  20      0       5            2681    3574    3892    5103    9462   
 3165  103424  1    1        0      0.724818825722   580.042053223  20      0       3            4027    0       5864    7628    21005  
 3175  103744  1    1        0      0.574329733849   961.330444336  20      1       5            3099    4157    4556    6019    329    
 3195  104384  1    1        0      0.463730275631   794.073913574  20      1       5            2459    3267    3614    4821    15014  
 3196  104416  1    1        0      0.396110028028   914.736572266  20      1       5            2070    2763    3042    4054    7383   
 3231  105536  1    1        0      0.866778314114   664.71105957   20      1       5            4997    6746    7393    9876    17859  
 3232  105568  1    1        0      0.192195400596   994.785522461  20      0       2            981     1249    0       1704    7896   
 3237  105728  1    1        0      0.175107762218   927.522888184  20      0       5            907     1196    1302    1704    18787  
 3259  106432  1    1        0      0.695373117924   962.312805176  20      1       5            3841    5113    5644    7475    24114  
 3267  106688  1    1        0      0.824287652969   707.421142578  20      1       2            4703    6291    0       9183    19645  
 3316  108256  1    1        0      0.483237624168   655.974304199  20      0       5            2558    3373    3720    4856    23378  
 3320  108384  1    1        0      1.00762045383    820.127441406  20      1       5            6049    8110    8891    11762   8864   
 3334  108832  1    1        0      0.20900914073    677.499145508  20      0       5            1091    1434    1567    1993    21696  
 3352  109408  1    1        0      0.943677067757   592.563415527  20      1       5            5563    7437    8231    10846   24767  
 3353  109440  1    1        0      0.67437005043    855.642456055  20      0       5            3709    4954    5438    7156    641    
 3355  109504  1    1        0      0.32256898284    880.512634277  20      1       5            1672    2245    2457    3293    22617  
 3380  110304  1    1        0      0.537380754948   609.297424316  20      0       5            2871    3839    4210    5454    5324   
 3406  111136  1    1        0      0.289244502783   961.234008789  20      1       5            1489    2006    2218    2970    12106  
 3410  111264  1    1        0      0.978209137917   759.430664062  20      0       5            5821    7777    8482    11093   4680   
 3414  111392  1    1        0      0.187872096896   746.40032959   20      1       5            966     1302    1408    1908    3908   
 3420  111584  1    1        0      0.731376290321   630.489685059  20      0       5            4071    5423    5879    7594    6689   
 3422  111648  1    1        0      0.883906722069   841.783874512  20      0       5            5121    6849    7466    9757    14150  
 3428  111840  1    1        0      0.27275493741    750.720947266  20      0       5            1401    1874    2059    2630    15475  
 3433  112000  1    1        0      0.810918748379   703.174133301  20      0       5            4601    6173    6761    8877    12847  
 3458  112800  1    1        0      0.28114309907    871.921447754  20      0       5            1445    1953    2139    2800    9676   
 3467  113088  1    1        0      0.0369658172131  570.64642334   20      1       4            0       253     280     416     10737  
 3491  113856  1    1        0      0.411934137344   763.734802246  20      0       5            2165    2869    3134    4122    14276  
 3520  114784  1    1        0      0.435601115227   768.073242188  20      0       5            2297    3028    3320    4292    12926  
 3568  116320  1    1        0      0.427834659815   733.445922852  20      1       5            2261    3002    3320    4428    18791  
 3604  117472  1    1        0      0.809325456619   807.030029297  20      0       5            4593    6099    6643    8690    1529   
 3621  118016  1    1        0      0.365704923868   880.603393555  20      1       5            1907    2563    2816    3748    21841  
 3630  118304  1    1        0      0.891436994076   668.962768555  20      0       5            5173    6864    7466    9706    18860  
 3640  118624  1    1        0      0.635621607304   687.549926758  20      0       5            3478    4569    5007    6544    6178   
 3669  119552  1    1        0      0.179278224707   720.484863281  20      0       5            915     1196    1302    1636    22703  
 3677  119808  1    1        0      0.149426355958   703.201477051  20      0       5            761     995     1090    1432    19049  
 3685  120064  1    1        0      0.200606867671   656.084411621  20      0       5            1025    1355    1487    1976    15002  
 3691  120256  1    1        0      0.69228720665    661.187194824  20      0       5            3819    5073    5585    7390    15325  
 3691  120256  1    1        0      0.796654760838   1007.59625244  20      0       5            4511    5982    6526    8520    13755  
 3718  121120  1    1        0      0.128675177693   643.344421387  20      1       5            669     916     990     1330    22829  
 3729  121472  1    1        0      0.120139203966   1019.51647949  20      0       2            611     810     0       1096    24412  
 3751  122176  1    1        0      0.415697604418   961.132995605  20      0       5            2180    2922    3214    4224    20904  
 3756  122336  1    1        0      0.784762561321   854.697570801  20      0       2            4430    5908    0       8537    21578  
 3773  122880  1    1        0      0.396043539047   678.028442383  20      1       2            2085    2803    0       4190    11594  
 3784  123232  1    1        0      0.275273412466   884.741577148  20      0       5            1434    1927    2086    2732    953    
 3797  123648  1    1        0      0.234557539225   559.504699707  20      0       2            1215    1620    0       2282    11677  
 3806  123936  1    1        0      0.614743590355   862.405883789  20      0       4            0       4463    4927    6476    21945  
 3824  124512  1    1        0      0.33988314867    889.141296387  20      0       4            0       2377    2589    3259    20769  
 3826  124576  1    1        0      0.611490607262   782.133239746  20      1       4            0       4463    4927    6476    2219   
 3828  124640  1    1        0      0.272735238075   613.663696289  20      0       5            1415    1874    2059    2630    3741   
 3828  124640  1    1        0      0.54063564539    768.057861328  20      1       5            2901    3892    4263    5649    11127  
 3837  124928  1    1        0      0.671371817589   945.569824219  20      1       5            3687    4901    5409    7207    1306   
 3856  125536  1    1        0      0.359122365713   567.930419922  20      0       5            1870    2510    2737    3578    20450  
 3862  125728  1    1        0      0.187829703093   660.359191895  20      1       5            959     1275    1408    1874    18510  
 3910  127264  1    1        0      0.313532710075   977.632507324  20      1       5            1628    2192    2430    3225    10120  
 3911  127296  1    1        0      0.9198102355     668.804504395  20      1       5            5387    7275    8065    10775   8891   
 3911  127296  1    1        0      1.0377907753     923.442749023  20      0       3            6288    0       9263    12062   479    
 3912  127328  1    1        0      0.98469388485    555.146789551  20      1       2            5873    7852    0       11426   23821  
 3916  127456  1    1        0      0.747605621815   746.416870117  20      1       5            4181    5600    6129    8087    17232  
 3918  127520  1    1        0      0.81734585762    759.379821777  20      1       5            4659    6246    6820    9081    8072   
 3928  127840  1    1        0      0.955016314983   833.07043457   20      1       5            5644    7555    8352    11040   3497   
 3965  129024  1    1        0      0.82603687048    563.84942627   20      1       2            4711    6320    0       9200    19497  
 3975  129344  1    1        0      0.272522032261   794.063171387  20      0       5            1415    1900    2086    2732    4065   
 3988  129760  1    1        0      0.638385653496   652.880737305  20      0       5            3489    4636    5099    6748    21218  
 3999  130112  1    1        0      0.342649877071   720.531494141  20      1       5            1775    2377    2616    3459    17179  
 4031  131136  1    1        0      0.649891614914   717.085327148  20      0       5            3555    4742    5205    6816    5476   